codeType,code,name,contents,name_en,contents_en
KCS,413010,건축물 프리캐스트 콘크리트공사,"1. 일반사항1.1 적용범위(1) 이 기준은 건축공사에서 구조용 프리캐스트 콘크리트의 생산 및 시공에 요구되는 품질과 성능을 만족하기 위해 필요한 일반적이고 기본적인 사항을 규정한다.(2) 이 기준에서 규정한 재료 및 공법 이외의 사항에 대해서는 이 기준에서 요구하는 시공수준과 동등 이상의 수준을 확보할 수 있다는 연구 및 실험 결과를 제출하여 발주자 또는 담당원의 승인을 받아 설계변경 절차에 의하여 변경 시행할 수 있다.1.2 참고 기준1.2.1 관련 법규내용 없음.1.2.2 관련 기준.KCS 14 20 01 콘크리트공사 일반사항.KCS 14 20 10 일반콘크리트.KCS 14 20 11 철근공사.KCS 14 20 20 경량골재 콘크리트.KCS 14 20 22 섬유보강 콘크리트.KCS 14 20 32 고유동 콘크리트.KCS 14 20 33 고강도 콘크리트.KCS 14 20 40 한중 콘크리트.KCS 14 20 41 서중 콘크리트.KCS 14 20 53 프리스트레스트 콘크리트.KCS 14 31 20 용접.KCS 14 31 25 볼트 접합 및 핀 연결.KCS 41 30 01 건축물 콘크리트공사 일반.KCS 41 40 00 방수공사.KDS 14 20 50 콘크리트구조 철근상세 설계기준.KDS 21 50 00 거푸집 및 동바리 설계기준.KS B 0839 철근 콘크리트용 이형 봉강 가스 압접부에 대한 초음파탐상검사 방법 및 허용 기준.KS B 0554 철근 콘크리트용 봉강의 가스 압접 기술 검정에 대한 시험방법 및 판정 기준.KS D 0001 강재의 검사 통칙.KS D 0249 철근 콘크리트용 봉강의 기계식 이음의 검사 방법 .KS D 3504 철근 콘크리트용 봉강.KS D 3505 PC강봉.KS D 3510 경강선.KS D 3527 철근 콘크리트용 재생 봉강.KS D 3552 철선.KS D 3554 연강 선재.KS D 3559 경강 선재.KS D 7002 PC 강선 및 PC 강연선.KS D 7004 연강봉 피복 아크 용접봉.KS D 7006 고장력 강용 피복 아크 용접봉.KS D 7009 PC 경강선.KS D 7017 용접 철망 및 철근 격자.KS F 2402 콘크리트의 슬럼프 시험 방법.KS F 2405 콘크리트의 압축 강도 시험방법.KS F 2409 굳지 않은 콘크리트의 단위용적 질량 및 공기량 시험방법(질량방법).KS F 2421 압력법에 의한 굳지않은 콘크리트의 공기량 시험방법.KS F 2426 주입모르타르의 압축 강도 시험방법.KS F 2449 굳지 않은 콘크리트의 용적에 의한 공기량 시험 방법.KS F 2462 구조용 경량 콘크리트의 단위 질량 시험방법.KS F 2476 폴리머 시멘트 모르타르의 시험방법.KS F 2515 골재 중의 염화물 함유량 시험 방법.KS F 2527 콘크리트용 골재.KS F 2713 콘크리트 및 콘크리트 재료의 염화물 분석 시험방법.KS F 4009 레디믹스트 콘크리트.KS F 4044 수경성 시멘트 무수축 그라우트.KS F 4722 조립용 콘크리트 벽판.KS F 4726 조립용 콘크리트 바닥판.KS F 4729 조립용 콘크리트 지붕판.KS F 4910 건축용 실링재.KS F 8006 강제 틀 합판 거푸집.KS L 5201 포틀랜드 시멘트.KS L 5204 백색 포틀랜드 시멘트.KS L 5210 고로 슬래그 시멘트.KS L 5211 플라이 애시 시멘트.KS L 5401 포졸란 시멘트.KS L 5405 플라이 애시.KS Q 8001 KS인증제도 - 제품인증에 대한 일반 요구사항1.3 용어의 정의.경사 서포트(prop support) : 벽체나 기둥의 조립에 사용되는 강관 형상의 제품으로, 프리캐스트 콘크리트 제품 측면에 경사지게 설치하고 조립 정밀도를 확보하기 위해 미세 조정이 가능한 서포트.고무지수재(rubber strip) : 고무 아스팔트 재질을 가지며 프리캐스트 벽 부재에 의해 가압, 압밀되어 지수효과를 가지는 실링재.고정철물(hardware) : 철근콘크리트 및 프리캐스트 콘크리트 제품의 접합, 이음 및 매설 등에 사용되는 철물의 총칭.공작도면(shop drawing) : 프리캐스트 콘크리트 제품과 부속 연결철물, 프리캐스트 콘크리트의 생산과 현장 조립 등을 나타내는 도면.공장조립(fabrication) : 공장에서 제품의 조립이나 시공에 필요한 매설철물 등을 이용하여 가공 조립하는 것.기건 단위용적질량(air-dry density) : 콘크리트 공시체를 (16 ~ 27)℃의 온도로  수분의 증발이나 흡수가 없이 7일간 양생한 후 온도 (23  ± 1)℃와 상대습도 (50 ± 5)%에서 21일간 건조시킨 공시체로 측정한 단위용적질량.기계적 이음(mechanical connection) : 철근을 직접 서로 연결하는 방법으로 나사 커플러 방식, 슬리브 내부충전방식 등이 있음.깔모르타르(pad mortar) : 상부 프리캐스트 콘크리트 제품의 높낮이를 조정하기 위해서 설치하는 모르타르로서 상부 프리캐스트 콘크리트 제품에 발생하는 축응력 등을 하부로 전달하여 구조내력상 중요한 역할을 함..내구성기준압축강도(compressive strength for durability) : KDS 14 20 40의 내구성 설계기준에 따른 콘크리트 압축강도.비활동성 접합부(non working joint) : 방수의 관점에서, 지진이 발생할 때 층간 변위 등에 의해 줄눈에 상대 변형이 발생하여 줄눈의 폭이 늘어나거나 줄어들지 않는 접합부.설계기준압축강도 (specified compressive strength) : 철근콘크리트 부재를 설계할 때 기준이 되는 콘크리트의 압축강도.성형(molding) : 굳지 않은 콘크리트를 거푸집에 채워 넣고 다져서 프리캐스트 콘크리트의 모양을 만드는 것.수직접합부(vertical joint) : 동일 층에 있어서 인접하는 벽판 상호간을 연결하는 수직방향의 접합부.수평접합부(horizontal joint) : 상하층의 내력벽 상호간, 내력벽과 바닥판, 동일층의 바닥판 상호간을 연결하는 수평방향의 접합부.슬리브 이음(sleeve connection) : 속이 빈 강재 원통관 속에 돌출된 철근을 위치시키고 무수축 그라우트를 주입하여 두 철근을 연결하는 기계적 이음 방법.실링재(sealing) : 프리캐스트 콘크리트 제품 사이 또는 프리캐스트 콘크리트 제품과 인접한 재료사이의 접합부에 주로 방수를 위하여 채우는 재료의 총칭.인서트(insert) : 어떤 장치나 시설물을 연결하기 위하여 제품내부에 매설하는 부품.접합부 콘크리트(joint concrete) : 프리캐스트 콘크리트 제품의 접합부에 사용되는 현장타설 콘크리트.증기 양생(steam curing) : 높은 온도의 수증기 속에서 실시하는 촉진 양생.촉진 양생(accelerated curing) : 온도를 높게 하거나 높은 압력을 가하여 콘크리트의 경화나 강도의 발현을 빠르게 하는 양생.충전 모르타르(joint mortar) : 프리캐스트 콘크리트 제품 사이에 충전되거나 철근 용접용 포켓 등에 충전되는 모르타르.충전 콘크리트(infilled concrete) : 프리캐스트 콘크리트 벽체의 수직접합부 또는 프리캐스트 콘크리트 슬래브와 슬래브 사이 등 좁고 긴 형상의 접합부에 사용되는 콘크리트.탈형(stripping) : 콘크리트를 부어 넣은 후 일정한 기간이 경과한 다음, 거푸집으로부터 프리캐스트 콘크리트 제품을 떼어내는 공정.탈형 강도(stripping strength) : 탈형할 때의 콘크리트 압축강도로서 탈형 후 제품의 손상 방지나 응력의 원활한 전달을 위해 필요한 강도 .프리캐스트 콘크리트 제품(precast concrete product) : 관리된 공장에서 제조되는 프리캐스트 콘크리트 제품.품질기준강도(quality guaranteed compressive strength of concrete) : 구조계산에서 정해진 설계기준압축강도와 내구성 설계를 반영한 내구성기준압축강도 중에서 큰 값1.4 프리캐스트 콘크리트 일반(1) 프리캐스트 콘크리트를 생산할 때에는 소요의 품질 및 성능을 갖는 프리캐스트 콘크리트를 얻을 수 있도록 사용할 재료, 배합, 보강재의 배치, 성형 및 양생 등에 대하여 관련기준과 이 시방서의 규정을 따라야 한다.(2) 제품의 취급, 저장, 운반, 조립 및 접합 등의 과정에서 프리캐스트 콘크리트의 품질과 성능이 손상되지 않아야 한다.1.5 제출물(1) 시공상세도면(2) 제품자료(3) 시공계획서 및 품질관리 계획서(4) 콘크리트의 촉진 양생 계획서(5) 그라우트 재료 시험 성적서 (6) 그 밖의 사항은 KCS 14 20 10 (1.5)의 해당요건에 따른다.1.5.1 시공상세도면(1) 프리캐스트 콘크리트 조립공사 시공상세도 ① 조인트 종류별로 보강근 및 배관의 위치와 자체하중 분포도를 포함하여야 한다. (2) 제품 제작도 ① 제품의 크기 및 종류별로 구조계산서, 구조용 철근 및 용접철망, 철근 등의 배치 및 각종 전기, 통신, 기계설비, 배관, 슬리브 등 매입자재의 배치가 포함된 제품의 제작도 1.5.2 제품자료(1) 프리캐스트 콘크리트 제품 ① 프리캐스트 콘크리트 제품자료는 다음 사항이 포함되어야 한다. 가. 프리캐스트 콘크리트 제품 생산공장에 관한 자료 (가) 프리캐스트 콘크리트 제품의 생산공장위치, 생산시설현황 및 생산능력, 운반장비의 제원 및 수, 종업원수, 생산방법, 조립순서 및 방법에 관한 자료를 포함한다. 나. 골재 (가) 프리캐스트 콘크리트 제품 제작에 투입되는 골재에 대하여 골재원의 위치, 골재의 시험 및 관리 시스템에 관한 자료를 포함한다. 다. 시멘트 (가) 프리캐스트 콘크리트 제품 제작에 투입되는 시멘트에 대한 시멘트 제조업자의 제품자료 라. 구조용 철근 및 용접철망 (가) 프리캐스트 콘크리트 제품 제작에 투입되는 구조용 철근 및 용접철망 제조업자의 제품자료 마. 부속자재 (가) 프리캐스트 콘크리트 제품 제작에 투입되는 각종 부속매입자재에 대하여 매입자재 제조업자의 제품자료 (2) 현장타설콘크리트(3) 철근(4) 제품 제작에 필요한 재료 선정 검토 또는 품질확인을 위하여 시공자는 재료 공급원 승인요청 서류를 제출하여 담당원의 승인을 받아야 한다. 1.5.3 시공계획서(1) 시공자는 공사 시작 전에 시공계획서를 작성하여 담당원의 승인을 얻는다. 시공계획서에는 다음 사항을 포함하여야 한다. ① 공사개요② 제작, 운반, 조립, 품질 및 시공관리 조직 가. 공종별 공장의 품질관리책임자, 운반관리책임자, 조립전임기사 및 현장품질관리책임자를 포함한 공종별 전문 인력을 포함하여 작성하되, 공장과 현장으로 구분하여 조직하고 책임자를 지정하여야 한다. ③ 공정계획 가. 착공에서부터 준공까지의 전체 공사에 대한 공정계획은 프리캐스트 콘크리트 제품의 제작 및 출하공정, 운반공정, 현장의 작업공정 등의 프리캐스트 콘크리트 공정과 전체 건축공사 공정과의 연계성을 고려하여 작성되어야 한다. (가) 공장의 작업공정                - 제품 제작공정                - 제품 출하공정(나) 운반공정(다) 현장의 작업공정- 기초공사공정- 조립공정- 접합공정- 접합부 방수공정- 마감공사공정④ 제품 제작 계획 가. 프리캐스트 콘크리트 제품 제작계획은 제품 제작도의 진척상황, 거푸집의 배치계획 및 제작기간, 공장의 생산능력, 제품의 저장계획, 운반계획, 조립계획, 제품조달현장의 개소 및 규모 등을 종합적으로 고려하여 작성하되 아래의 사항을 포함하여야 한다. - 공장개요 또는 현장의 제작 장소에 대한 개요 - 사용재료 : 콘크리트용 재료, 철근, 강재, 접합용철물, 선부착부품, 박리제 - 콘크리트의 배합 : 설계조건, 배합설계 - 양생방법 : 가열방법, 양생온도, 양생기간 - 콘크리트 강도관리 : 시험시기, 판정기준 - 제품규격 : 제작허용오차 - 제품의 제작공정 - 검사항목 및 기준, 검사인원 편성, 검사결과 부적격 제품의 처리계획 - 제품의 저장방법 - 품질검사 체크리스트 - 제품별 품질관리 기록대장(제품출하 시 활용자료) - 기타⑤ 제품 운반계획 가. 제품의 운반계획은 제조공장에서의 제품의 적재와 운반에 대한 세부사항, 운반차량의 형태, 현장에서의 제품 취급과 조립, 현장 야적 등을 고려하여 현장조립순서에 적합하게 작성되어야 한다. 나. 제품의 종류별로 운반 차량의 종류, 운반용 받침대, 적재방법과 운반 시 유의사항을 명시하여야 한다. 다. 운반계획은 공사현장 및 공장과 현장간의 운반계획도로를 미리 답사하여 다음과 같은 조건들에 유의하여 작성한다. - 운반차량의 종류와 주행시간 - 운반 시 통과할 도로의 상황 - 도로교통 관련법규 등의 제한사항 - 운반용 받침대 - 제품의 적재 및 하차방법 - 현장에서 제품의 야적 - 현장에서 크레인이나 그 외의 제품 운반장비의 가동성과 용량 ⑥ 현장가설계획 가. 현장 가설계획은 조립용 크레인 주행로, 제품의 반입도로, 야적장, 비계, 가설전기 및 가설급수 등에 대한 계획이 포함되어야 한다. (가) 조립용 크레인 주행로- 크레인이 제품을 들어올려 조립작업을 하는 경우, 지반이 약해서 부동침하에 의한 문제가 발생하지 않도록 한다.- 도로의 내력은 최대중량을 가진 제품이 재하된 크레인의 접지압 이상이어야 한다.- 제품이 매달려 있을 때 역학적으로 가장 불리한 지점에 생길 수 있는 편심모멘트에 의한 최대응력도를 동시에 고려하여 도로의 내력을 정하여야 한다.- 크레인의 왕복 등으로 인해 침하된 곳은 즉시 보수하여야 한다.(나) 제품의 반입도로- 제품의 반입도로는 조립용 크레인이나 야적장에 연결되어야 한다.- 운반차량은 여러 대일 경우가 많으므로, 먼저 들어온 차량의 제품을 하차하는 동안에 후속차량의 대기를 위한 장소도 확보되어 있어야 한다.(다) 야적장- 야적장의 위치는 조립장비의 작업반경 내로 하며, 운반차량이 돌아나갈 수 있도록 여유가 있어야 한다.- 야적장소는 평탄하고, 다른 작업으로 재료가 손상되는 일이 없는 곳을 택한다.- 야적장의 바닥은 모래나 잡석 등을 이용하여 잘 다지거나, 콘크리트나 아스팔트로 포장한다.- 두꺼운 고임목을 사용하여 제품의 오염과 파손을 방지하여야 하며, 고임목이 침하하지 않도록 관리하여야 한다.- 야적장 주변에는 배수로를 설치하여 물이 고이지 않도록 한다.(라) 비계- 외부비계를 설치하는 경우에는 조립할 바닥면보다 1m이상 높게 비계를 설치하여 작업시 안전성을 확보할 수 있도록 한다.- 비계를 설치하지 않는 경우에는 제품 조립시 발코니 끝에 지상에서부터 가설 손잡이 등을 설치하여 작업하고, 외부 발코니가 없는 부분의 벽판 조립시는 안전망이나 바닥판에 설치된 후크 등에 안전벨트의 후크를 걸어서 작업을 한다.(마) 가설전기, 가설급수- 가설전기는 접합공사계획을 근거로 충분한 용량으로 설치하여 불완전 용접 등이 생기지 않도록 한다.- 가설급수는 청정한 물을 공급받을 수 있도록 계획하고, 계절 및 지역에 따라서는 수온조절장치를 설치하여야 한다.⑦ 조립계획 가. 다음 사항에 대한 충분한 조사 및 검토를 거쳐 조립 방법, 순서, 공정 등의 조립계획을 수립한다. - 건물규모, 구조, 평면 및 입면의 형상 및 치수 - 전체공기, 타 공사와의 연관, 제품제작공정, 기상조건 등 - 제품중량, 수량, 작업반경 등 - 조립순서, 접합형식 - 현장 입지조건, 주변환경 - 제품반입, 저장 등을 위한 공간 - 교통상황, 반입도로, 현장 내 가설도로 ⑧ 조립용 장비의 배치 및 활용계획 가. 각종 크레인 등의 양중장비 및 운반장비와 모르타르 배합기 등의 배치 및 활용계획을 포함하여야 한다. ⑨ 공정별 시공계획가. 공사현장에서 프리캐스트 콘크리트 제품과 관련된 공정인 기초공사, 제품 조립공사, 제품 접합공사, 접합부 방수공사 등에 대하여 다음 사항들을 기술한다.- 시공조건- 시공순서 및 방법- 허용오차- 검사 및 시험방법- 시공상의 체크리스트- 기타 유의사항⑩ 품질관리계획서가. 시공사 및 프리캐스트 콘크리트 제품 제조자가 품질관리를 위하여 다음 사항들을 기술한다.- 시험 및 검사의 항목, 방법, 시기, 횟수, 판정기준, 시험장소- 품질관리체계- 보고사항과 승인사항의 구별- 보고시 담당원의 승인 시기 및 불합격 경우의 조치1.5.4 시공관리(1) 시공자는 시공계획서에 의거하여 공장 및 현장에서 일어나는 제반 사항에 대하여 시공관리를 하여야 한다. 노무, 재료, 장비, 자금, 시공법 등의 관리대상에 대하여 품질, 공정, 안전 등의 측면에서 관리를 한다.(2) 품질관리① 품질관리는 품질관리 책임자를 정하여 실시한다. 공장 및 현장의 품질관리의 요점을 명확히하여 소기의 품질을 얻을 수 있도록 관리한다.② 공정별, 작업별로 과정관리를 실시한다.③ 요구되는 성능항목으로는 강도, 방수성, 차음성, 내화성, 단열성, 내구성 등이 있다. 이들 성능의 대용 특성인 콘크리트 강도, 배근상태, 콘크리트 기건 단위용적질량, 치수 허용오차, 마감 외관, 균열 및 파손 등에 대한 시험 및 검사를 수행하여야 한다.④ 사전에 관리한계를 정하고 이를 벗어날 경우에는 적절한 조치를 취한다.(3) 공정관리① 노무계획, 재료수급계획, 장비동원계획, 자금계획 등을 공정계획과 부합되도록 수립하고 관리하여야 한다.② 공장과 현장의 연결관계를 수시로 점검하여 공기지연 요소를 제거하여야 한다.(4) 안전관리① 제품의 치수, 중량이 재래공법에 비하여 크기 때문에 제품의 취급과 조립공사 등에서 각별한 주의를 기울여야 한다.1.5.5 견본(1) 프리캐스트 콘크리트 제품에 매입 설치되는 품목에 대해 자재별 제조업자의 견본을 제출하여야 한다. 1.6 품질보증 절차1.6.1 품질보증 절차 일반(1) 프리캐스트 콘크리트의 품질보증은 KCS 14 20 01 및 부록1의 해당사항을 따른다.1.6.2 품질관련자의 자격(1) 프리캐스트 콘크리트 공장 품질기술자, 프리캐스트 콘크리트를 조립하는 조립공, 용접공, 크레인 운전자 등은 관련 법령에서 규정하는 자격을 소지한 자로 충분한 시공경험을 갖춘 자이어야 한다. 1.6.3 견본시공(1) 프리캐스트 콘크리트가 시공 될 건축물 중에서 담당원이 지정하는 장소 및 규모로 견본시공을 한다.1.6.4 시공 전 협의(1) 시공자는 프리캐스트 콘크리트 조립공사 전에 관련공사의 시공순서 및 일정 등의 조정을 위해 관련된 타공종 수급인 및 관련 하수급인이 참석하는 회의를 개최하여 상호협의를 실시하여야 한다. 1.7 환경조건(1) 프리캐스트 콘크리트공사를 시행하기에 앞서 환경에 대한 부하, 환경성능, 녹색성장에 대한 공사요건을 검토하기 위하여 KCS 14 20 01 (1.4)  및 부록2의 해당요건에 따른다.2. 자재2.1 프리캐스트 콘크리트 제품 및 접합부의 성능과 품질2.1.1 일반사항(1) 본 절은 프리캐스트 콘크리트 제품 및 접합부 자재의 성능과 품질에 대해 규정한다.2.1.2 프리캐스트 콘크리트 제품의 성능 및 품질(1) 콘크리트① 콘크리트의 종류는 콘크리트에 사용하는 골재의 종류에 따라 보통중량 콘크리트, 경량콘크리트 1종 및 2종으로 한다.② 설계기준압축강도는 표 2.1-1에 따른다.표 2.1-1 콘크리트 종류에 따른 설계기준압축강도 및 기건 단위용적질량		사용한 골재에 의한	콘크리트의 종류			설계기준압축강도	(MPa)			기건 단위용적질량	(kg/m3)			보통중량 콘크리트			21~120			2,100~2,500			경량콘크리트 1 종			18~40			1,800~2,100			경량콘크리트 2 종			18 ~ 27			1,400~1,800	③ 기건 단위용적질량가. 보통중량 콘크리트의 기건 단위용적질량은 2,100~2,500kg/㎥를 기준으로 한다.나. 경량콘크리트의 기건 단위용적질량은 1종 1,800~2,100kg/㎥, 2종 1,400~1,800kg/㎥를 기준으로 한다. ④ 콘크리트의 압축강도 관리가. 프리캐스트용 콘크리트는 제품 제작 장소에서 시료를 채취하여 공시체를 제작하고, 거푸집 탈형 시까지 제품과 동일한 조건에서 양생한 후 표준양생을 실시한다.나. 공시체의 압축강도는 아래의 기준을 만족해야 한다.- 제품 탈형 시 : 압축강도의 평균값이 탈형 시 소요강도 이상- 제품 출하일 : 압축강도의 평균값이 출하일 소요강도 이상. 단, 조기출하의 경우에는 최소 30MPa, 설계기준강도의 75% 이상(단, 조기출하는 제품의 주문자와 발주자의 필요에 의하여 승인된 경우에 한한다.)- 재령 28일 : 압축강도 평균값이 설계기준압축강도의 100% 이상다. 제품 탈형 시를 기준으로 한 소요강도는 제품 탈형 시에 유해한 균열, 파손이 발생하지 않는 값으로 담당원의 승인을 받아야 한다. 라. 제품 출하일의 소요강도는 제품 출하 시에 유해한 균열, 파손이 발생하지 않는 값으로 담당원의 승인을 받아야 한다. 마. 콘크리트의 압축강도 시험용 공시체의 표준수량 및 양생조건은 표 2.1-2와 같다.표 2.1-2 콘크리트 압축강도 시험용 공시체의 표준수량		 구분			제품과 동일한 	조건으로 양생​			제품과 동일한 조건으로 양생한 후	(탈형한 후) 표준양생 (20±2℃)			탈형 시 강도			출하일 강도			재령 28일 강도			1회/일 이상, 생산량 120㎥ 마다 또는 배합이 변경될 때마다			1조 (3개)			1조 (3개)			1조 (3개)			 계			 3조 (9개)	⑤ 탄성계수가. 콘크리트의 탄성계수가 설계에서 요구되는 경우, 각각의 값에 대해서는 시험에 의하여 확인하여야 한다.⑥ 내구성가. 내구성은 KCS 14 20 10 (1.9)의 규정에 따른다.⑦ 피복두께가. 피복두께는 KDS 14 20 50 (4.3.3) 의 규정에 따른다.나. 시공자는 설계도서에 표시된 피복두께가 확보되는 것을 사전에 확인하도록 한다. (2) 제품의 치수 정밀도 및 마감상태① 제품의 치수에 대한 정밀도는 표 2.1-3에 따라 조립 및 현장 작업에 영향을 미치지 않는 범위 이내로 한다. 표 2.1-3 프리캐스트 콘크리트 제품 치수의 허용 오차		제품명			치수의 허용오차			비 고			길이(높이)			폭			깊이			두께			대각선			벽판			± 5㎜			±3㎜			 			+5㎜, -2㎜			+10㎜, -2㎜			 			샌드위치판			± 5㎜			±3㎜			 			±5㎜			 			내력벽 두께 : +5㎜, -2㎜	비내력벽 두께 : ±3㎜			바닥판			± 7㎜			±3㎜			 			+5㎜, -2㎜			+10㎜, -2㎜			 			지붕판			± 5㎜			±3㎜			 			±3㎜			+10㎜, -2㎜			 			보			±20㎜			±6㎜			±6㎜			 			 			 			기둥			±13㎜			±6㎜			±6㎜			 			 			 			계단판			±13㎜			±10㎜			 			 			 			단높이= ±5㎜	단너비= ±6㎜			개구부			±6㎜			±6㎜			 			 			±6㎜			 	② 미리 부착하는 부품류의 설치 위치에 대한 정밀도는 표 2.1-4에 따라 조립 및 현장 작업에 영향을 미치지 않는 범위 이내로 한다. 표 2.1-4 프리캐스트 콘크리트 매입 철물 위치 허용 오차		매입철물명			위치의 허용오차			비고			접합용 철물			수평: 길이방향 ±15㎜, 폭방향 ±3㎜, 기울기 1°	수직: 높이방향 ± 5㎜, 기울기 2°			설계위치에 대한 허용오차임			취급용 후크			±25㎜			전기용 부속품			±12㎜			인서트			±12㎜			철근 및 철망			±6㎜			볼트 구멍			벽판 및 바닥 : ±3㎜	기 타 : ±2㎜	③ 프리캐스트 콘크리트 제품의 마감 상태가. 제품은 구조상, 내구성상, 방수상 및 미관상 지장이 되는 균열 파손 등이 없도록 한다.나. 접합용 철물, 양중용 철물 및 미리 부착하는 부품은 구조상, 기능상 및 미관상 지장이 되는 휨이나, 손상, 오차, 비틀어짐 등이 없도록 하여야 한다.다. 제품의 마감면은 내장재 마감, 내구성 및 미관상 지장을 초래할 수 있는 큰 기포, 오염 등과 같은 결점이 없도록 하여야 하며, 마감면의 평탄성은 KCS 14 20 10 (표 3.7-1)의 규정을 따른다. 라. 제품 접합부의 형상 및 마감은 설계도서에 따른다.2.1.3 접합부의 성능 및 품질(1) 접합부에 이용하는 재료는 접합부의 치수형상 및 시공법에 따라 아래의 ①~④로부터 선정하고, 담당원의 승인을 받는다.① 충전 콘크리트② 충전 모르타르 ③ 깔 모르타르④ 접합부 현장 타설 콘크리트(2) 접합부에 사용되는 재료의 압축강도는 원칙적으로 접합부를 구성하는 프리캐스트 콘크리트 제품의 품질기준강도 이상이어야 한다.(3) 이음새에 사용되는 재료의 철근저항은 이음매를 구성하는 프리캐스트 콘크리트 제품과 같거나 높아야 한다.(4) 충전 콘크리트① 충전 콘크리트의 사용골재에 의한 종류는 보통중량 콘크리트를 표준으로 한다.② 충전 콘크리트의 설계기준압축강도는 프리캐스트 콘크리트 제품의 설계기준압축강도 이상으로 한다. 단 설계도서에서 별도로 지정하는 경우에는 예외로 한다. ③ 충전 콘크리트의 압축강도는 현장에서 시료를 채취하여 현장 수중양생한 공시체의 압축강도로 확인하고, 그 값은 재령 28일에서 설계기준압축강도 이상이어야 한다.④ 충전 콘크리트의 시공연도는 충전 부위에 밀실하게 타설되고 블리딩 및 재료분리가 적게 되도록 한다. ⑤ 충전 콘크리트의 슬럼프는 210㎜ 이하로 한다. 단, 그 이상의 슬럼프가 필요한 경우 담당원과 협의하여 변경할 수 있다.⑥ 충전 콘크리트의 물-결합재비는 55% 이하, 단위수량은 185kg/㎥ 이하, 단위결합재량은 330kg/㎥ 이상으로 한다.⑦ 내구성은 KCS 14 20 10 (1.9)의 규정에 따른다.⑧ 무수축 혼화제(팽창제)를 사용할 경우, 콘크리트 체적증가율이 1% 이상의 범위로 한다. (5) 충전 모르타르 및 깔 모르타르① 충전 모르타르는 무수축성으로 하고, 철근에 녹 등과 같은 유해한 영향을 미치지 않는 것으로 한다.② 충전 모르타르의 압축강도는 현장에서 시료를 채취하여 현장 수중양생한 재령 28일의 압축강도로 하고, 그 값은 프리캐스트용 콘크리트의 설계기준압축강도 이상으로 한다.③ 충전 모르타르의 시공연도는 미충전 부분이 발생하지 않을 수준이어야 한다.④ 깔 모르타르의 압축강도는 현장에서 시료를 채취하여 현장 수중양생한 공시체의 압축강도로 하고, 그 값은 프리캐스트용 콘크리트의 설계기준압축강도 이상으로 한다.⑤ 깔 모르타르의 시공연도는 밀실하게 타설되도록 한다. (6) 접합부 현장 타설 콘크리트① 접합부 현장 타설 콘크리트는 물-결합재비 55% 이하의 일반 콘크리트로 한다. 다만, 설계도서에서 특별히 요구하는 조건이 있을 경우에는 이를 고려하여야 한다.② 접합부 현장 타설 콘크리트의 강도는 설계기준압축강도와 내구성기준압축강도를 고려한 품질기준강도 이상으로 정해야 한다. 또한, 프리캐스트용 콘크리트 품질기준강도 이상으로 정하여야 한다. 단 설계도서에서 별도로 지정하는 경우에는 예외로 한다. ③ 접합부 현장 타설 콘크리트의 시공연도는 접합부에 밀실하게 타설되고 블리딩 및 재료분리가 적게 되도록 한다.④ 기타 접합부 현장 타설 콘크리트의 품질은 2.2.6에 따르고 이 외의 것은 KCS 14 20 10에 따른다.2.2 구성재료2.2.1 시멘트(1) 보통 포틀랜드 시멘트, 중용열 포틀랜드 시멘트, 조강 포틀랜드 시멘트, 저열 포틀랜드 시멘트, 내황산염 포틀랜드 시멘트는 KS L 5201, 고로 슬래그 시멘트는 KS L 5210, 플라이 애시 시멘트는 KS L 5211, 포졸란 시멘트는 KS L 5401에 적합한 것을 사용하며, KCS 14 20 00의 규정을 따른다.(2) 상기 (1) 이외의 시멘트를 사용할 경우에는 품질의 적합여부에 대하여 담당원의 승인을 받는다. 2.2.2 골재(1) 골재는 KCS 14 20 00, KS F 2527의 규정에 적합한 것으로 한다. (2) 굵은 골재의 최대치수는 소정의 값 이내로 하여야 하며, 특별히 정해지지 않은 경우 25㎜ 이하로 한다. 다만 충전 콘크리트에 사용되는 굵은 골재의 최대치수는 20㎜ 이하로 한다. (3) 사용하는 골재가 화학적ㆍ물리적으로 불안정한 경우, 사용의 가부 및 사용방법은 담당원의 승인을 받는다.(4) 관련법령이나 발주자의 요구에 따라 높은 내화성을 필요로 하는 부위의 콘크리트 및 모르타르에 사용되는 골재는 품질성능에 대하여 담당원의 승인을 받는다.2.2.3 물(1) 물은 콘크리트 및 철근에 영향을 미치는 유해한 양의 불순물을 함유하지 않아야 한다.(2) 물은 KCS 14 20 00의 규정에 따른다. 단, 회수용 물을 이용하는 경우, 담당원의 승인을 받도록 한다.2.2.4 혼화재료(1) 혼화재료는 KCS 14 20 00의 규정에 따른다. (2) 위의 (1)항 이외의 혼화재료를 이용하는 경우, 콘크리트의 품질을 저해하지 않아야 하며 공인시험기관의 성적서를 담당원에게 제출하여야 한다.2.2.5 보강재 및 기타 철물(1) 배근용 강재① 철근 및 철근결속선, 간격재 및 버팀대는 KCS 14 20 11 (2.1, 2.2)의 규정에 적합한 것으로 하며, 강선은 KCS 14 20 53 (2.1.2) 의 규정에 적합한 것으로 한다. 또한, 종류 및 품질은 설계도서 및 제조사 상세에 따른다.② 철근은 KS D 3504 또는 KS D 3527에 적합한 것으로 한다. 단, 용접개소에 재생봉강을 사용해서는 안 된다.③ 용접철망은 KS D 7017의 규정에 적합한 것으로 한다.④ 제품의 접합에 쓰이는 용접용 강재, 용접봉은 KS D 7004, KS D 7006의 규정에 적합한 것을 사용하여야 한다. (2) 접합용 철물① 접합용 철물의 형상, 규격 및 품질은 설계도서 및 제조사 상세에 따른다. 그러나 접합용 철물에 철근을 사용하는 경우 철근의 품질은 2.2.5(1)에 따른다.② 접합용 철물의 검사는 치수와 용접부의 마감처리에 따라 실시한다.③ 용접부의 마감은 KCS 14 31 20에 따른다.④ 용접을 해야 할 부분은 전단절단을 하지 않고 반드시 가스 절단 또는 톱절단으로 한다.⑤ 기계식 이음에 사용되는 커플러, 슬리브 등의 형상, 규격 및 품질은 설계도서에 따른다.⑥ 고력 볼트 및 용접재료는 KCS 14 31 25 (2.1) , KCS 14 31 20 (2.1)의 규정에 적합한 것을 사용하여야 한다.(3) 양중용 철물① 양중용 철물은 소요 하중에 대하여 안전한 것으로 하고 설계도서에 따른다.② 양중용 철물의 형상 및 치수는 설계도서에 따른다.③ 양중용 철물에 대하여 별도 기재 또는 설계도에 기재되지 않은 경우에는 요구성능에 적합함을 시공계획서에 기술하고 담당원의 승인을 받도록 한다.(4) 매입철물① 매입철물은 소요 하중에 대하여 안전한 것으로 하고, 품질은 설계도서에 따른다.② 매입철물의 형상 및 치수는 설계도서에 따른다.2.2.6 현장 타설 콘크리트(1) 현장 타설 콘크리트의 종류 및 품질은 KCS 14 20 10의 규정에 따른다. 단, 물-결합재비는 55% 이하로 한다.(2) 피복두께는 KDS 14 20 50 (4.3)의 피복두께 규정에 따른다.(3) 철근 또는 용접철망과 제품 접합면과의 간격은 굵은 골재 최대크기의 1.25배 이상으로 한다.(4) 현장 타설 콘크리트 부재의 치수 정밀도는 KCS 14 20 10 (3.5.5.3) 의 규정에 따른다.(5) 현장 타설 콘크리트 부재의 마감상태는 KCS 14 20 10 (3.7)의 규정에 따른다.2.2.7 그라우트 및 깔 모르타르(1) 공사에 적절한 종류와 품질을 정하고 담당원의 승인을 받는다. 2.2.8 재료 품질관리(1) 콘크리트 및 모르타르에 사용하는 시멘트, 골재, 물 및 혼화재료의 시험 및 검사는 표 2.2-1에 따라 실시한다.표 2.2-1 콘크리트 및 모르타르에 사용하는 재료의 시험 및 검사		항목			시험방법			시기 및 횟수			판정기준			시멘트			생산자로부터 제출된 시험 성적서와 품질규격과의 적합성 확인.	(2장에 나타내는 각각의 규정에 따른다.)			제품 제작을 포함한 공사시작 전 및 공사 중 수시			설계도서 또는 KS 규격에 적합할 것			골재			물			혼화재료			모르타르	(2) 철근의 용접철망, 격자철근망 등의 시험 및 검사는 표 2.2-2에 따라 실시한다.표 2.2-2 철근 및 용접철망, 격자철근망 등의 시험 및 검사		항목			시험방법			시기/회수			판정기준			철근			밀시트, 각인, 묶음마다의 표시 등과 첨부된 납입서와 대조, 직경 및 길이의 측정			제품제작을 포함한 공사 시작 전 및 접수 시			설계도서 또는 KS 규격에 적합할 것.			용접철망			격자철근망	(3) 강재의 시험 및 검사는 KS D 0001에 따른다.(4) 철물 및 기타 부품의 시험 및 검사는 한국산업표준이나 관련 기준을 따르고 담당원의 승인을 받는다.2.3 배합2.3.1 일반사항(1) 프리캐스트 콘크리트 제품에 사용하는 콘크리트의 계획배합은 제품의 제조조건, 출하조건에 따라 소요 시공연도, 강도, 탄성계수, 내구성 및 2.2에 표시한 기타의 성능이 만족하도록 정하며, KCS 14 20 00의 규정을 따른다.(2) 계획배합은 원칙적으로 시험비빔에 의해 정하고, 담당원의 승인을 받아야 한다.2.3.2. 배합강도(1) 배합강도는 표준 양생한 공시체의 재령 28일에 대한 압축강도로 표시하고, 식(2.3-1)～식(2.3-4)를 만족하여야 한다. 다만, 레디믹스트 콘크리트를 사용할 경우에는 식(2.3-1)～식(2.3-4)에 제시된 배합강도를 사용할 수 없으며, KCS 14 20 10 (2.2.2) 에 따라 호칭강도()를 사용하여야 한다.                                                                              (2.3-1)                                                                                                                            (2.3-2)                                                                                                                                                 (2.3-3)                                                                                                             (2.3-4)여기서, : 재령 28일 배합강도 (MPa)        : 탈형 시 소요강도 (MPa) : 출하 시 소요강도 (MPa) : 제품의 양생조건과 동일하게 양생한 공시체의 특정 재령 소요강도 (MPa) : 품질기준강도()와 제품의 양생조건과 동일하게 양생한 공시체의 탈형 시 압축강도 간의 차이에 의한 콘크리트 강도 보정 값 (MPa) : 품질기준강도()와 제품의 양생조건과 동일하게 양생한 공시체의 최단 출하 시 압축강도 간의 차이에 의한 콘크리트 강도 보정 값 (MPa) : 품질기준강도()와 제품의 양생조건과 동일하게 양생한 공시체의 특정 재령 압축강도 간의 차이에 대한 콘크리트 강도 보정 값 (MPa) : 콘크리트 압축강도 표준편차 (MPa)(2) 품질기준강도()와 제품의 양생조건과 동일하게 양생한 공시체의 탈형, 최단 출하 시 소요강도 및 특정 재령 소요강도와의 차이에 의한 콘크리트 강도의 보정값 , , 는 시험 또는 신뢰할 수 있는 자료에 근거하여 정하여야 한다.(3) 콘크리트 강도의 표준편차는 제품 제조공장의 실적에 의해 정한다. 실적이 없는 경우 2.5MPa 또는  중 큰 값으로 한다.2.3.3 물-결합재비(1) 물-결합재비는 2.3.2에 표시한 배합강도에서 구한 것과 같이 정한다.(2) 물-결합재비는 55% 이하로 한다. 다만, 고유동 콘크리트를 사용하는 경우 KCS 14 20 32의 규정에 따른다.2.3.4 시공연도, 슬럼프 및 슬럼프 플로우(1) 시공연도는 타설, 다짐 방법에 따라 철근 및 강재 주변에 콘크리트가 밀실하게 타설되고, 블리딩 및 분리가 적게 되는 수준이어야 한다.(2) 슬럼프 및 슬럼프 플로우는 시험 또는 신뢰할 수 있는 자료를 바탕으로 정하고 담당원의 승인을 받는다.2.3.5 공기량(1) 공기량은 별도의 규정이 없는 경우 3% 이하로 한다. 단, 동결융해작용을 받는 경우 3~6% 이하로 한다.2.3.6 단위수량(1) 단위수량은 2.3.4에서 얻어지는 값으로 하고 가능한 적은 값으로 한다. 단, 단위수량은 185kg/㎥ 이하로 정하여야 한다. 단, 고유동 콘크리트를 사용하는 경우 KCS 14 20 32의 규정에 따른다.2.3.7 단위결합재량(1) 단위결합재량은 2.3.3, 2.3.6으로부터 정해진 값 이상으로 하며, 최소값은 300kg/㎥로 한다.(2) 단위결합재량의 하한값 혹은 상한값이 규정되어 있는 경우에는 이들의 조건이 충족되도록 한다.2.3.8 잔골재율(1) 잔골재율은 2.3.4에 규정된 시공연도, 슬럼프 및 슬럼프 플로우가 만족될 수 있는 범위 내로 하되, 가급적 작은 값으로 한다.2.3.9 혼화재료의 사용량(1) 혼화재료의 사용량은 콘크리트의 요구 성능이 확보될 수 있도록 정한다.2.4 제작2.4.1 일반사항(1) 프리캐스트 콘크리트 제품 제작공장의 선정은 소요 제품의 생산이 가능하고 가능한 현장에서 가까운 곳에 위치한 공장을 선정하여 담당원의 승인을 받는다.(2) 프리캐스트 콘크리트 제품의 제작설비는 제품이 안정되게 제조되도록 성능을 유지하여야 한다.(3) 프리캐스트 콘크리트 제품의 제작 전에 설계도서를 근거로 제품 제작도를 작성한다.(4) 제품의 제작은 시공계획서에 의한 제품 제작 지침서에 따라 실시한다.(5) 공장제작 프리캐스트 콘크리트 제품은 KS F 4722, KS F 4726, KS F 4729에 적합한 것으로 한다.(6) 보, 기둥, 계단판 등 KS 규격이 없는 것은 제품의 품질에 대하여 담당원의 승인을 받는다. 2.4.2 거푸집의 제작 및 조립(1) 거푸집은 콘크리트를 타설할 때 진동 및 가열 양생 등에 의해 휘어짐 등의 변형이 발생하지 않도록 적절한 강도와 강성을 가져야 하며, KDS 21 50 00에 따라 구조 안전성을 확인한 제품이어야 한다. 특히, 굳지 않은 콘크리트의 열팽창률이 철재 열팽창률의 10배나 되는 점을 충분히 고려하여야 한다. (2) KS F 8006에 적합한 철재 거푸집 사용을 원칙으로 하고, 기타 재료의 경우에는 KS의 해당 규격에 적합한 재료를 사용한다.(3) 거푸집은 타설된 콘크리트 내의 배합수나 시멘트페이스트 등이 거푸집 틈으로 새어나오지 않도록 제작되어야 한다. (4) 조립 시 거푸집은 충분히 청소하고 변형 등이 없어야 한다.(5) 거푸집의 마감 및 허용오차는 생산 제품 허용오차의 2분의 1 이내가 되어야 한다.(6) 거푸집은 각 종류별로 최초 제품 제작 전에 표 2.4-1에 대한 검사를 실시하되, 제품 제작 중에도 책임기술자의 요구가 있을 때에는 검사를 시행한다.(7) 박리제는 콘크리트의 경화, 강도, 마감 품질 등 제품의 품질에 영향을 미치지 않는 것을 사용하여야 한다.표 2.4-1 거푸집 검사 기준		구분			검사 항목			검사 방법			판정 기준			바닥판			. 휨, 비틀림, 요철. 홈, 흠집, 녹			. 제품측정 시와 동일. 육안판별			. 제품오차의 1/2 이내. 마감에 유해한 정도			측면			. 길이 (변, 대각선). 높이, 직각 정밀도. 굽음			. 스틸테이프. 직각자. 수평줄			. 제품오차의 1/2 이내			매입 부품			. 접합철물, 창(문)틀. 전기박스, 인서트 등의 	  위치, 고정, 용접상태			. 스틸테이프 			. 제품오차의 1/2 이내	2.4.3 강재의 가공, 조립 및 부품의 설치(1) 강재의 가공, 조립① 강재의 가공, 조립은 제품 제작도에 따라 실시한다. ② 강재는 제품 제작도에 따라서 정확하게 배치하고 콘크리트 타설 시 움직이지 않도록 고정하여야 한다. ③ 콘크리트를 타설하기 전, 강재는 기름, 먼지, 도료 등과 같이 강재와 콘크리트간의 부착력을 약화시키는 모든 유해 물질을 제거하여야 한다. (2) 부품의 설치① 제물치장 콘크리트의 경우 간격재는 노출 표면에 녹이나 얼룩이 나타나지 않도록 스테인리스, 플라스틱 입힌 것, 플라스틱 또는 시멘트 제품으로 한다. ② 프리캐스트 콘크리트 제품에 매입되는 박스 및 각종 함의 설치 후 와이어메쉬 등으로 보강하여 주위에 균열이 발생하지 않도록 한다. ③ 콘크리트를 부어 넣기 전에 부품의 위치 및 오차 등을 정밀하게 실측하여 허용오차 이내임을 확인한다.2.4.4 제품용 콘크리트(1) 제조① 콘크리트의 배합은 시멘트의 품질 및 종류, 골재의 조립률 및 채취장소, 혼화재의 품질 및 종류 중 어느 한 가지라도 변경되면 수정한다.② 콘크리트 재료의 계량은 KCS 14 20 10 (2.2.12) 에 따른다.③ 비비기는 KCS 14 20 10 (2.2.13) 에 따른다. 단, 매일 1회 이상 골재 표면수를 측정하여 배합에 반영한다.(2) 품질검사① 콘크리트의 품질검사는 표 2.4-2에 따른다.표 2.4-2 콘크리트의 품질검사		항목			시험방법			시기 및 횟수			판정기준			시료채취			KS F 2401			-			-			시공연도 및 굳지 않은 콘크리트 상태			외관 관찰			제조 개시 시 및 타설 중 수시			1) 시공연도가 좋을 것	2) 품질이 균일하며, 안정되어 있을 것			슬럼프			KS F 2402			1) 배합 관리를 위해 압축강도 시험용 공시체 채취 시 또는 프리캐스트용 콘크리트 강도 시험용 공시체 채취 시 	2) 타설 중에 품질변화가 인정 될 때			아래의 허용 값 이내에 있을 것	1) 슬럼프 80㎜ 미만의 경우 : ±15㎜ 이상	2) 슬럼프 80㎜ 이상, 210㎜ 이하의 경우 : ±25㎜			공기량			KS F 2409	KS F 2421	KS F 2449			±1.5%의 허용 값 이내에 있을 것			경량 콘크리트 단위 용적질량			KS F 2462			계획 배합을 근거로 한 값과의 차이가 ±3.5% 이내일 것			온도			온도측정			소정 값 범위 이내일 것			프리캐스트용	콘크리트	압축강도			KS F 2405	양생은 프리캐스트 콘크리트 제품과 동일하게 함			공시체 채취시기 : 1회/일 이상, 생산량 120㎥ 마다 또는 배합이 변경될 때마다	공시체 채취방법 : 타설 시 재령마다 각 3개씩 채취	강도시험재령 : 탈형 시, 출하 시, 재령 28일			탈형 시 : 공시체 3개 압축강도의 평균값이 탈형 시 소요강도(FA)이상일 것	출하 시 : 공시체 3개 압축강도의 평균값이 출하 시 소요강도(FB)이상일 것	재령 28일 : 공시체 3개 압축강도의 평균값이 품질기준강도(fcq) 이상일 것			염화물	함유량			KS F 4009	부속서 A			염소 이온량이 0.3kg/㎥ 이하	(3) 콘크리트의 타설, 다짐 및 타설면의 마감① 타설가. 콘크리트를 타설하기 전에 거푸집과 철근 및 기타 부품에 붙어 있는 콘크리트와 불순물을 완전히 제거한다.나. 콘크리트를 타설하기 전에 거푸집, 배근 및 철물, 기타 부품에 대해서 표 2.4-3과 같이 검사한다.다. 동일 프리캐스트 콘크리트 제품에서 이어붓기에 의한 타설이음이 발생하지 않도록 비비기와 붓기의 콘크리트 용량은 부족하지 않도록 한다. 표 2.4-3 콘크리트를 타설하기 전 거푸집, 배근 및 철물, 기타 부품 검사 기준		항목			시험방법			시기 및 횟수			판정기준			거푸집			외관 관찰			전수			1) 볼트 및 테이퍼 핀에 의해 거푸집이 견고하게 고정되어 있을 것	2) 청소 및 박리제의 도포가 적당할 것			배근			배근도와 대조 및 육안			전수			1) 철근의 직경, 개수, 간격이 배근도와 일치할 것	2) 피복두께가 확보되어 있을 것			철물․	기타부품			제품 제작도와 대조 및 육안			전수			철물 및 기타부품의 종류, 수량이 제품 제작도와 일치하며, 	견고하게 고정되어 있을 것	② 다짐가. 콘크리트를 부어넣을 때는 내부, 외부진동 및 충격 등의 방법과 보조기구로서 곰보대, 목망치 등을 사용하여 콘크리트가 균등, 밀실하게 다져지도록 한다. 나. 진동기가 거푸집이나 철근에 닿아 조립된 형태를 흐트러지게 하거나, 배치된 철근이나 매입부품이 이동되지 않도록 유의한다.③ 타설면 마감가. 프리캐스트용 콘크리트의 타설면 마감과 표면 처리 종류 및 방법은 설계도서에 따른다. 특히, 추후 현장타설 접합부 콘크리트 또는 토핑콘크리트 등과 일체로 타설되는 제품의 접합면 마감은 거친면 처리를 원칙으로 하며 블리딩에 의한 레이턴스 등에 의해 접합이 방해받지 않도록 미리 조치한다.나. 최종 제품의 경우 단부에서 강선의 단면이 외부로 노출되지 않아야 하며, 부득이한 경우 방청처리를 하여야 한다.(4) 양생① 제품 생산 후 불균등한 수축으로 인한 프리캐스트 콘크리트 제품의 변형이나 표면 색상의 변화가 발생하지 않고, 운반 및 조립 등 시기별로 요구되는 강도가 발현될 수 있는 양생재료와 방법을 적용하여야 한다.② 콘크리트를 증기, 건식 가열 또는 온수 등에 의해 강제 양생하는 경우 제품 제작계획에 의하여 실시한다.③ 양생 종료 후 제품의 급격한 냉각을 방지할 수 있는 조치를 하여야 한다.④ 타설 전 거푸집 온도는 5℃ 이상을 유지한다. ⑤ 일평균기온이 25℃를 초과할 경우에는 콘크리트를 타설한 후 양생을 시작할 때까지 수분을 충분히 공급하여 소성수축균열을 예방하여야 한다. (5) 탈형 및 양중① 탈형 시 프리캐스트 콘크리트 제품의 압축강도는 규정한 탈형 시 소요강도를 만족하여야 한다. ② 탈형 시 유해한 균열 및 파손이 발생하지 않도록 실시한다.③ 양생상태가 불량하다고 판단되는 제품은 비파괴 시험기기로 탈형강도를 확인한 후 탈형한다. 만약 탈형강도가 부족하다고 판정될 경우 재양생을 실시하고, 탈형강도를 재확인한 후 탈형한다.④ 제품의 양중은 제품의 규격, 중량 및 작업반경에 적합한 양중장비 등을 사용하고 제품에 파손을 주지 않도록 안전하게 실시한다.2.4.5 프리캐스트 콘크리트 제품의 품질검사(1) 제품 검사는 형태, 치수, 균열, 파손, 미리 부착한 부품의 부착상태, 표면 마감상태, 피복두께에 대해서 실시하며 그 방법 및 판정 기준은 표 2.4-4와 같다.표 2.4-4 제품 검사		항목			시험방법			시기 및 횟수			판정기준			형상 및 치수			철재 자 등에 의한 실측			전수			2.1.2(2)의 제품치수 정밀도를 만족할 것			균열			실측			전수			KDS 14 20 30 (4.1.2) 의 허용균열폭 이내일 것			파손			외관 관찰			전수			유해한 파손이 없을 것			철물 및 기타 	부품의 상태			외관 관찰			전수			철물 및 기타 부품의 종류, 수량이 	제품 제작도와 일치하고, 정확한 위치에 설치되어 있을 것			제품 표면의 	마감상태			외관 관찰			전수			표면마감의 종류가 제품 제작도와 일치하고, 견본 이상의 마감 상태일 것			피복두께			외관 관찰			전수			피복 두께 부족의 징후가 보이지 않을 것			주) 검사방법은 담당원과 협의하여 정할 수 있으며, 담당원이 확인 가능한 경우 드론 등을 이용한 영상 촬영 데이터를 검사에 활용할 수 있다.	(2) 구조 및 방수상 허용되는 경미한 균열 및 파손은 보수하고 재검사를 실시한다.(3) 각 제품에는 제품번호를 부여하고 생산날짜를 표시하여야 하며 로트별 품질관리를 지속적으로 수행하고 그 내용을 기록하여야 한다.(4) 제품번호의 오기, 제작 오차 초과 등 검수 부실로 인하여 현장 공정이 지연되지 않도록 제품 검수 과정을 철저히 하여야 한다. 2.5 저장, 출하, 운반2.5.1 일반사항(1) 프리캐스트 콘크리트 제품을 저장, 출하 및 운반할 때 제품에 손상이 발생하지 않도록 유의하여야 한다.(2) 제품의 저장, 출하 및 운반은 시공계획서에 따라 실시한다.2.5.2 저장(1) 프리캐스트 콘크리트 제품은 예상되는 외력에 대하여 전도나 낙하가 발생하지 않도록 저장한다.(2) 제품은 양생 후 장기간 저장되는 경우 접합용 철물과 철근에 녹이 발생하지 않도록 하고, 제품에 오물, 균열, 파손, 변형 등이 발생하지 않도록 저장한다.2.5.3 출하(1) 프리캐스트 콘크리트 제품의 출하는 출하 계획에 따라 현장에서 제품 조립에 지장을 초래하지 않도록 한다.(2) 제품의 출하 시 콘크리트 압축강도가 2.1.2에 규정된 출하일 소요강도를 만족하는지 확인하며, 제품의 균열, 파손, 형태 등에 대해서 육안으로 검사를 실시하여 이상 유무를 확인한다.2.5.4 운반(1) 프리캐스트 콘크리트 제품의 운반은 운반중인 제품에 균열, 파손, 변형 등이 발생하지 않도록 제품의 치수와 형상에 적합한 크기의 운반차량 및 운반 가설대를 정하여 실시한다.(2) 받침대 및 보호물의 설치기준은 표 2.5-1을 따르며, 제품에 손상을 주거나 얼룩, 변형을 일으키지 않는 것으로 하여야 한다. 표 2.5-1 받침대 및 보호물의 설치 기준		제품 하부			제품 모서리 (필요시)			제품 간 접촉부위			육송 각재 또는 고무판			고무판 또는 철재 보양판 			바닥은 각재, 벽 및 	기타는 고무판 또는 보양포	(3) 제품의 운반할 때 도로교통법을 준수하여야 하며, 사고방지를 위하여 필요한 조치를 취하여야 한다.3. 시공3.1 프리캐스트 콘크리트 제품의 현장 반입 및 보관3.1.1 프리캐스트 콘크리트 제품의 현장 반입(1) 프리캐스트 콘크리트 제품을 현장에 반입할 때에는 공장의 검사 완료 표시를 확인하고 운반 중에 발생한 균열, 파손, 변형 등의 검사를 시행한다. 검사방법 및 판정기준은 3.6.4에 따른다. 판정결과에 적합하지 않은 제품은 반입하지 않도록 한다.3.1.2 프리캐스트 콘크리트 제품의 현장 보관(1) 프리캐스트 콘크리트 제품을 현장에 임시로 야적할 때에는 제품의 형상이나 중심을 고려하여 거치대 등을 설치하며, 유해한 균열, 파손, 변형, 오염 등이 발생하지 않도록 하고 안전대책을 강구한다.3.2 프리캐스트 콘크리트 제품의 조립3.2.1 일반 사항(1) 프리캐스트 콘크리트 제품의 조립은 시공계획서에 근거하여 실시한다.(2) 프리캐스트 콘크리트 제품은 설계 도서에 표시된 위치에 조립 정밀도가 확보되도록 조립한다.3.2.2 가설 계획(1) 가설 계획은 프리캐스트 콘크리트 제품의 조립이 안전하게 이루어지게 하고 구조체의 품질을 확보할 수 있도록 한다.(2) 프리캐스트 콘크리트 제품의 조립에 앞서 조립 기계의 주행로 등 지반 상태를 확인하고 필요한 안전 대책을 강구한다.3.2.3 조립 기계 및 조립 작업자(1) 제품 조립에 사용하는 기계 및 도구는 각각 사용 목적에 따라 충분한 성능이 있는 것으로 한다.(2) 기계의 운전 및 조립 작업자는 관련 법령에 의해 적합한 자격을 갖추고 있는 자로 한다.3.2.4 조립 작업(1) 프리캐스트 콘크리트 제품의 조립 작업은 시공계획서에 따라 수행한다.(2) 시공자는 프리캐스트 콘크리트 제품의 조립 작업에 앞서 아래의 사항에 대해 확인하고 준비한다.① 하부층 접합부의 구조 안전성을 확인한다.② 프리캐스트 콘크리트 제품의 위치 결정용 먹매김 작업, 레벨 작업을 수행한다.③ 프리캐스트 콘크리트 제품은 조립 전에 청소하고 양중용 철물, 접합철물 및 철근 등을 점검하여 조립 및 조립 후 프리캐스트 콘크리트 제품의 접합에 지장이 없도록 한다.④ 프리캐스트 콘크리트 제품 조립은 작업 지휘자를 정하고 그 지시에 따라 실시한다.(3) 프리캐스트 콘크리트 제품의 조립은 구조체의 조립 정밀도 및 작업시의 안전을 확보할 수 있도록 아래의 사항에 유의하여 실시한다.① 프리캐스트 콘크리트 제품은 조립용 먹매김 및 기준레벨에 맞추어서 전도 및 어긋남 등이 발생하지 않도록 한다.② 프리캐스트 콘크리트 제품의 위치를 조정하고 조립용 경사 서포트 및 동바리, 고정용 철물 등으로 지지하여 임시 고정하도록 한다.③ 보 및 슬래브 등의 수평부재 조립시, 동바리, 고정용 철물, 용접 등을 통해 안전성이 확보되도록 조치한 후 조립한다. 특히 동바리가 없는 상태에서 기둥이나 인접 보 부재 등에 제품을 임시 고정하는 경우에는, 시공 중의 부재 추락이나 붕괴가 일어나지 않도록 안전 대책을 강구한 후 조립하도록 한다. (4) 강풍이 불 경우 조립 작업을 중지한다.(5) 조립 시, 프리캐스트 콘크리트 제품에 균열 및 파손이 발생한 경우의 조치는 담당원의 지시에 따른다.(6) 프리캐스트 콘크리트 제품 조립 후 조립 정밀도를 검사한다. 검사방법 및 판정 기준은 3.6.5에 따른다. 이 때 평면이나 입면상으로 조립 오차가 누적되지 않도록 하며, 조립 오차는 제품의 제작오차와 관계없이 건물기준선으로부터의 측정치를 기준으로 한다.3.3 프리캐스트 콘크리트 제품의 접합3.3.1 일반 사항(1) 프리캐스트 콘크리트 제품의 접합 종류 및 방법은 부위별 설계도서에 따른다. (2) 프리캐스트 콘크리트 제품의 접합은 시공계획서 및 품질관리계획서에 따라 실시한다.3.3.2 철근 및 강재의 접합3.3.2.1 기계적 이음(1) 기계적 이음은 시공된 접합부가 충분한 접합성능을 보유하고 있는 것이 확인된 공법을 적용한다.(2) 기계적 이음의 시공은 각 이음공법의 제조사별 시공상세 및 시공계획서에 따른다. 다만, 아래의 사항에 유의하여 실시한다.① 슬리브 이음은 철근 삽입 길이 부족, 그라우트 주입 부족이 없도록 하며 소정의 그라우트 배합이 유지되도록 주의한다.② 나사식 이음은 철근 삽입 길이 부족, 체결 부족이 없도록 하고 철근과 커플러 틈에 그라우트를 주입할 경우에는 그라우트의 주입 부족이 없도록 한다.3.3.2.2 용접 이음(1) 강재의 용접 및 강재와 철근의 플레어 용접, 철근과 철근의 플레어 용접은 용접 방법, 작업 자세, 모재 형상, 판두께 등에 따른 충분한 경험과 자격을 가진 자가 실시한다.(2) 용접은 아래의 사항에 유의하여 실시한다.① 용접부 및 용접 재료가 충분히 건조할 것.② 비 또는 바람에 의한 영향을 받지 않는 작업환경일 것.③ 저온에 의한 영향을 받지 않는 작업환경일 것.3.3.2.3 가스압접 이음(1) 가스 압접 이음은 가스압접 기술을 지닌 자가 실시하며, 이의 시공은 콘크리트공사 표준시방서 KCS 14 20 11에 의한다.3.3.2.4 고장력볼트 접합(1) 고장력볼트 접합 시공은 강구조공사 표준시방서 KCS 14 31 25에 의한다.3.3.2.5 기타 접합(1) 기타 접합방법은 요구되는 성능의 확보 여부에 대한 자료를 제출하여 담당원의 승인을 받는다. 3.3.2.6 철근 및 강재의 접합 시험 및 검사(1) 철근 및 강재의 접합 시험 및 검사는 3.6.6에 따른다.3.3.3 접합용 충전 콘크리트의 시공3.3.3.1 접합부 콘크리트(1) 접합부 콘크리트의 시공은 3.4에 의해 실시한다.3.3.3.2 충전 콘크리트(1) 벽체의 수직접합부 및 슬래브와 슬래브 사이 등과 같이 좁고 긴 접합부에 사용되는 충전 콘크리트에 레디믹스트 콘크리트를 이용하는 경우는, 2장에서 정하는 콘크리트의 필요한 품질을 만족하도록 KS F 4009에 준하여 생산자와 협의하고 필요사항을 지정하여 발주한다. 현장 비빔 콘크리트로 하는 경우의 콘크리트 제조는 2.2.6에 따른다.(2) 충전 콘크리트의 타설 부분에 이용하는 거푸집은 콘크리트의 타설 시에 변형이 없고, 거푸집의 이음매에서 시멘트 페이스트 또는 모르타르가 누출되지 않는 구조로 한다.(3) 타설하기에 앞서, 타설할 곳을 청소하여 이물질을 제거하고, 거푸집널 및 프리캐스트 콘크리트 제품의 접합부에 물을 뿌려 습윤하게 한다.(4) 타설은 타설할 곳의 구석구석까지 콘크리트가 충전되어 밀실한 콘크리트를 얻을 수 있도록 한다.(5) 동해를 입을 우려가 있는 경우에는 적절한 보온양생을 하여야 하며 그 방법은 KCS 14 20 40에 따른다.(6) 거푸집은 콘크리트가 소요 강도에 도달한 것을 확인한 후 제거한다.(7) 충전 콘크리트의 시험 및 검사는 3.6.6에 따른다.3.3.4 접합용 모르타르의 시공3.3.4.1 깔 모르타르(1) 깔 모르타르의 배합은 설계도서 및 제조사 상세에 따른다. 특별히 정해진 것이 없는 경우에는 아래의 사항에 따라 정하고 담당원의 승인을 받는다. ① 기성배합 제품을 사용하는 경우는, 소요 강도 이상이 발현될 수 있는 제품으로 한다.② 현장계량 모르타르인 경우, 소요 강도 및 필요한 시공 연도를 얻을 수 있는 배합으로 정한다.(2) 깔 모르타르 시공에 앞서 접합면을 청소하고 적정 습윤상태를 유지한다.(3) 깔 모르타르를 기성제품으로 하는 경우는 각 제품에 규정된 재료와 반죽 혼합 방법에 의해 비빔을 실시하고, 정해진 방법으로 시공연도 시험을 실시한다.(4) 깔 모르타르는 프리캐스트 콘크리트 제품의 접합부에 충분히 골고루 퍼질 수 있도록 시공한다.(5) 깔 모르타르의 시험 및 검사는 3.6.6에 따른다.3.3.4.2 충전 모르타르(1) 충전 모르타르의 배합은 소요 성능 및 시공 연도를 얻을 수 있도록 정한다.(2) 충전 모르타르의 시공은 철근과 강재의 접합이 완료된 것을 확인한 후 실시한다.(3) 충전 모르타르의 시공에 앞서 충전부를 청소하고 습윤하게 해둔다.(4) 충전 모르타르는 미충전부분이 생기지 않도록 시공한다.3.3.5 그라우트 시공3.3.5.1 줄눈부 등의 그라우트(1) 줄눈 그라우트의 재료는 소요 강도 및 소요 시공 연도를 얻을 수 있는 것을 선정하고, 담당원의 승인을 얻는다.(2) 줄눈 등 그라우트의 충전은 선정한 재료가 시공 개소에 확실하게 충전될 수 있는 계획을 세워 실시한다.(3) 줄눈 그라우트의 시공에 앞서 충전개소를 청소하여 이물질을 제거하고 습윤하게 함과 동시에 충전시 덩어리가 생기지 않도록 한다.(4) 줄눈 충전 부위 구석구석까지 골고루 채워져 미충전 부분이 생기지 않도록 시공한다.(5) 줄눈부 등의 그라우트 시험 및 검사는 3.6.6에 따른다.3.3.5.2 철근 이음용 그라우트(1) 철근 이음용 그라우트는 사용하는 철근 이음공법에 따라 정해진 재료를 사용하며, 설계도서 및 해당 이음 공법의 제조사 상세에 따른다.(2) 철근 이음용 그라우트의 시험 및 검사는 3.6.6에 의해 실시한다.3.4 현장타설 콘크리트 부분의 시공3.4.1 일반 사항(1) 현장타설 콘크리트 부분의 시공에 적용한다. 단, 좁고 긴 수직접합부 등에 사용되는 충전 콘크리트의 시공은 3.3장에 따른다.(2) 현장타설 콘크리트 부분의 시공은 시공계획서에 따라 실시한다.(3) 이외의 현장타설 콘크리트의 시공은 KCS 14 20 10에 따른다.3.4.2 철근·용접철망 및 강재의 가공·조립(1) 철근 및 용접철망의 가공.조립은 설계도에 따라 정밀하게 실시하고, 콘크리트가 타설이 완료될 때까지 움직이지 않도록 한다.(2) 철근의 이음 방법과 위치, 철근의 정착 방법 및 길이는 설계도서에 따른다.(3) 강재의 가공 및 조립은 설계도서에 따라 정확하게 실시한다.3.4.3 접합용 철물 및 접합용 철근의 설치(1) 프리캐스트 콘크리트 제품과의 접합 부분에 설치하는 접합용 철물 및 접합용 철근은 설계도에 따라 올바르게 배치하고 콘크리트의 타설 등으로 이동하지 않도록 거푸집에 견고하게 부착한다. 콘크리트의 타설에 앞서 접합용 철물 및 접합용 철근의 설치 위치, 수량, 종류 등을 확인한다.(2) 접합용 철물 및 접합용 철근의 설치 위치와 상단까지의 높이 허용오차는 설계도서에 따른다.(3) 접합용 철물 및 접합용 철근은 시멘트 페이스트, 모르타르, 콘크리트 등이 부착되지 않도록 양생한다.3.4.4 거푸집의 조립(1) 거푸집은 프리캐스트 콘크리트 제품의 제조 정밀도 및 조립 정밀도를 고려하여 시공한다.(2) 프리캐스트 콘크리트 제품을 지지하는 거푸집, 동바리는 견고하게 조립한다.(3) 거푸집은 프리캐스트 콘크리트 제품면과의 사이에 틈이나 어긋남이 발생하지 않도록 조립한다.3.4.5 콘크리트 타설 전 검사(1) 콘크리트 타설 전에 거푸집의 조립 상태, 배근 상태, 선매립 부품의 설치 상태 등에 대해 검사를 실시한다.3.4.6 콘크리트의 타설 및 다짐(1) 콘크리트는 KS F 4009의 규격에 적합한 것을 사용한다.(2) 콘크리트를 타설하기 전에, 타설부위를 청소하여 이물질을 제거하고, 물을 뿌려 거푸집널이나 콘크리트면을 습윤상태로 하며, 물뿌림 후의 잉여수는 고압공기 등을 통해 제거한다.(3) 접합부에 사용하는 현장타설 콘크리트는 한 번에 타설할 수 있도록 계획한다.(4) 타설 부위는 타설량, 타설 장소의 형상, 배근 상태 등을 고려하여 타설 부위의 구석구석까지 콘크리트가 확실하게 충전되는 방법으로 수행한다.(5) 콘크리트는 다짐 불량이 발생하지 않도록 봉형 진동기나 거푸집 진동기 등을 이용하여 밀실하게 다진다.3.4.7 현장타설 콘크리트 및 접합부 콘크리트의 시험 및 검사(1) 현장타설 콘크리트 및 접합부 콘크리트의 시험 및 검사는 3.6.7에 따른다.3.5 접합부의 방수3.5.1 일반 사항(1) 접합부 중에서 비활동성 접합부 (Non-Working Joints)에 대한 방수 재료 및 방수 시공에 적용한다. 이외의 접합부에 대한 방수 및 접합부가 아닌 부분의 방수는 KCS 41 40 00에 따른다.(2) 방수 공법의 종류 및 공사 범위는 설계도서에 따른다.(3) 방수 공사는 시공계획서에 따라 실시한다.3.5.2 방수재료의 종류 및 특성(1) 방수 실링재의 품질은 KS F 4910에 적합한 것으로 한다. (2) 고무지수재, 테이프형 실링재, 도막방수재 및 보강포의 품질은 각각 KCS 41 40 00의 품질기준에 적합한 것으로 한다.3.5.3 접합부 방수 시공(1) 방수 시공 전 방수바탕을 점검하고, 방수부분과 그 주변에 균열, 탈락 등이 있는 경우는 방수에 지장이 없도록 보수한다.(2) 방수바탕에 붙은 먼지 등 방수성능을 해치는 것은 전동 사포, 와이어브러쉬 등으로 제거하고 바탕을 잘 건조시킨다.(3) 프라이머는 방수재의 종류에 적합한 것을 사용한다.(4) 건축용 실링재를 충전하는 경우 백업재를 소정의 깊이까지 설치하고 방수재료 및 바탕에 적합한 프라이머를 도포한다. 그리고 접합부에 건축용 실링재를 틈이나 잔재, 기포가 생기지 않도록 구석구석까지 충전한다.(5) 고무지수재 또는 테이프형 실링재는 소정의 위치로부터 벗어나지 않게 평평하게 붙인다.(6) 접합부 상부에 도막방수재를 시공하는 경우 미충전 기포가 없도록 흘려서 채우고 보강포를 주름, 부풀음이 없도록 팽팽하게 부착한다. 그 위에 보강포의 단부가 벗겨지지 않도록 도막방수재 등으로 누른다.(7) 방수공사는 각 부위의 특성에 적합한 재료, 시공 및 관리방안을 정하여 수행하여야 한다.3.5.4 접합부 방수의 시험 및 검사(1) 접합부에 사용되는 방수 재료의 검사와 방수 시공 시 시험 및 검사는 3.6.8에 따른다.3.6. 품질관리 및 검사3.6.1 일반 사항(1) 프리캐스트 콘크리트 제품의 현장 반입, 조립, 접합공사와 건축공사 현장에서 철근콘크리트 및 프리캐스트 콘크리트 제품 접합부의 처리 등 각 공정에서의 품질관리 및 검사에 적용한다.3.6.2 품질관리(1) 시공자는 공사에 앞서 설계 도서에 표시된 구조체의 품질이 확보되도록 품질관리계획을 정하고 담당원의 승인을 받는다.(2) 품질관리는 품질관리책임자를 정하여 실시한다. 품질관리책임자는 건축구조기술사, 건축시공기술사, 건축품질시험기술사 또는 동등 이상의 기술, 경험을 가진 것으로 인정되어 담당원의 승인을 받은 자로 한다.(3) 품질관리를 위해 실시되는 시험 및 검사는 필요에 따라 담당원의 입회를 받는다. 시험 및 검사의 기록은 필요에 따라 담당원에게 제출한다.3.6.3 시험 및 검사(1) 시험 및 검사의 항목, 방법, 시기.횟수 및 판정 기준은 이 장의 규정에 따른다. (2) 시험 및 검사에 이용하는 시료.공시체의 채취 장소 또는 시험 및 검사 대상 개소 등은 그 부분의 품질이 대표되도록 선택하여 담당원의 승인을 받는다.(3) 시험 및 검사 결과가 규정에 부합하지 않는 경우의 조치는 담당원의 지시에 의한다.3.6.4 프리캐스트 콘크리트 제품의 현장 반입 시 검사(1) 프리캐스트 콘크리트 제품의 현장 반입 시 검사는 표 3.6-1에 따른다.표 3.6-1 프리캐스트 콘크리트 제품의 현장 반입 시 검사		항목			시험방법			시험시기.횟수			판정기준			균열			외관 관찰1) 또는 실측			전수			KDS 14 20 30 (4.1.2) 	허용균열폭 이내일 것			파손			외관 관찰1)			전수			유해한 파손이 없을 것			변형			외관 관찰1)			전수			유해한 변형이 없을 것			철물 및 기타 부품의 설치 상태			외관 관찰1)			전수			철물 및 기타 부품의 종류, 수량이 제품 제작도와 일치하고, 정확한 위치에 설치되어 있을 것			1) 검사방법은 담당원과 협의하여 정할 수 있으며, 담당원이 확인 가능한 경우 드론 등을 이용한 영상촬영 데이터를 검사에 활용할 수 있다.	3.6.5 프리캐스트 콘크리트 제품의 조립 정밀도 검사(1) 프리캐스트 콘크리트 제품의 조립 정밀도 검사는 표 3.6-2에 따른다.표 3.6-2 프리캐스트 콘크리트 제품의 조립 정밀도 시험 및 검사		항목			시험방법			시험시기	. 횟수			판정기준			기둥 	내력벽			설치 위치			슬래브 위에 표시한 기준선과의 차이를 자로 측정			조립 후 전수1)			표 3.6-3 ∼ 표 3.6-6의 범위 내에 있을 것			기울기			내림추, 수평기 등으로 측정			천장 높이			레벨로 측정			보	슬래브			설치 위치			보의 경우는 슬래브 위에 표시한 기준선과의 차이를, 슬래브의 경우는 보 및 벽까지의 걸침턱을 자로 측정			천장 높이			레벨로 측정한다.			1) 조립 작업 중 임시 고정이 완료된 후, 다음 제품이 조립되기 전에 시행한다. 	표 3.6-3 벽판 부재의 일반적인 조립 허용오차		기호			내용			허용 오차			a			기준선으로부터의 평면상의 오차			±13mm			b			부재 상단의 지정된 입면으로부터의 오차			 			. 노출된 독립 패널			±6mm			. 노출되지 않은 독립 패널			±13mm			c			부재 지지면의 지정된 입면으로부터의 오차			-13~+6mm			d			입면상 연직선에 대한 최대오차			25mm			e			높이 3m당 입면상 연직선에 대한 오차			6mm			f			모서리 맞춤의 최대오차			6mm			g			외부에 노출된 접합부의 폭 			±6mm			h			최대 접합부 테이퍼(Joint Taper)			9mm			h10			길이 3m당 접합부 테이퍼			6mm			i			맞춤면의 최대오차			6mm			 	표 3.6-4 바닥판 부재의 일반적인 조립 허용오차		기호			내용			허용 오차			a			기준선으로부터의 평면상의 오차			±15mm			b			부재 끝에서 부재 상단의 지정된 입면으로부터의 오차	(덧침으로 덮이는 경우)			±19mm			c			맞춤면의 최대오차(덧침 유무에 관계없이)			25mm			d			접합부의 폭			 			. 12m 이하의 부재			±13mm			. 12.5m에서 18m의 부재			±19mm			. 18.5m 이상의 부재			±25mm			e, h			조립된 부재 상단 및 하단 상호간의 입면상의 오차1)	(덧침으로 덮이는 경우)			19mm			f			내력길이1)(스팬길이 방향)			±19mm			g			내력폭1)			±13mm			1) 일반적인 조립 허용오차이며, 구조 성능 발휘를 위한 최소 치수는 설계 도서에 따른다.	 		표 3.6-5 보 부재의 일반적인 조립 허용오차		기호			내용			허용 오차			a			기준선으로부터의 평면상의 오차			±15mm 			b			부재 지지면의 지정된 입면으로부터의 오차			-13~+6 mm			c			입면상 연직선에 대한 오차			 			. 높이 300㎜당			3mm			. 최대			13mm			d			맞춤면의 최대오차1)			13 mm			e			접합부의 폭1)			±13mm			f			내력길이2)(스팬길이 방향)			±19mm			g			내력폭2) 			±13mm			1) 의장적으로 중요한 부재 및 부위인 경우에는 별도의 고려가 필요하며, 설계도서에 따른다.	2) 일반적인 조립 허용오차이며, 구조 성능 발휘를 위한 최소 치수는 설계 도서에 따른다.	 	 	표 3.6-6 기둥 부재의 일반적인 조립 허용오차		기호			내용			허용 오차			a			기준선으로부터의 평면상의 오차1)			±13mm			b			상단의 지정된 입면으로부터의 오차			-13~+6mm			c			내력 헌치의 지정된 입면으로부터의 오차			-13~+6mm			d			입면상 연직선에 대한 최대오차			25mm			e			높이 3m당 입면상 연직선에 대한 오차			6mm			f			맞춤면의 최대오차1)			13 mm			1) 의장적으로 중요한 부재 및 부위인 경우에는 별도의 고려가 필요하며, 설계도서에 따른다.		 	3.6.6 프리캐스트 콘크리트 제품의 접합 시험 및 검사(1) 기계적 이음의 시험 및 검사는 KCS 14 20 11 (3.1.3.3) 에 따른다. 단, 이 규정에 의해 검사 및 시험이 곤란한 특수한 형태의 기계적 이음의 경우에는 제조사의 검사 방법 및 상세에 따를 수 있으며, 이 경우 담당원의 승인을 받도록 한다.(2) 용접접합의 시험 및 검사는 표 3.6-7에 따른다.(3) 가스압접 이음의 시험 및 검사는 KCS 14 20 11 (3.1.3.2) 에 따른다.(4) 고장력볼트 접합의 시험 및 검사는 강구조공사 표준시방서 KCS 14 31 25에 의한다.(5) 제품 접합 시에 사용하는 충전 콘크리트의 시험 및 검사는 표 3.6-8에 의한다. (6) 깔 모르타르의 시험 및 검사는 표 3.6-9에 따른다.(7) 충전 모르타르의 시험 및 검사는 표 3.6-10에 따른다.(8) 줄눈 부위 등 그라우트의 시험 및 검사는 표 3.6-11에 따른다.(9) 철근 이음용 그라우트의 시험 및 검사는 표 3.6-12에 의한다.표 3.6-7 용접 접합의 시험 및 검사		항목			그림			시험방법			시기 및 횟수			판정기준			용접부 유효길이						실측			전수			 설계도서에 표시된 값 이상일 것			L형 맞댄 용접부의 높이 및 여유분						실측			전수			 아래표의 범위로 할 것(단위: mm)       		플레이트 두께			12			9			6			높이			14-21			11-17			8-13			여유분			3.0-6.0			2.25-4.5			1.5-3.0				모살용접의 목두께 및  여유분 						실측			전수			 아래표의 범위로 할 것(단위: mm)       		플레이트 두께			12			9			6			목두께			12-14			9-11			6-8			여유분			0-2.2			0-1.9			0-1.6	 			X형, V형 맛댄 용접부의 비드폭 및 여유분						실측			전수			 아래표의 범위로 할 것(단위: mm)       		철근			D10	(9Ø)			D13	(13Ø)			D16			D19			D22			D25			비드 폭			6-8			7-9			8-11			9-12			10-14			12-16			여유분			0-1				K형 맛댄 용접부의 비드높이 및 여유분						실측			전수			 아래표의 범위로 할 것(단위: mm)			철근			D10	(9Ø)			D13	(13Ø)			D16			D19			D22			D25			비드 높이			4-6			5-7			6-9			7-10			8-12			10-14			여유분			0-1				닫힘 용접시의 편심량, 	꺽임구배 및 여유분						실측			전수			 아래표의 범위로 할 것(단위: mm) 		편심량			3 혹은 1/10db			꺽임구배			1/10			여유분			0이상		 db : 철근의 공칭 직경			용접시의 결함			-			외관 관찰1)			전수			현저한 결함이 없을 것			1) 검사방법은 담당원과 협의하여 정할 수 있으며, 담당원이 확인 가능한 경우 드론 등을 이용한 영상촬영 데이터를 검사에 활용할 수 있다.	표 3.6-8 충전 콘크리트의 시험 및 검사		품목			시험 방법			시기 및 횟수			판정기준			배합			배합표에 	의한 확인			제조시작 시 	및 타설 중 수시			소정의 값을 만족할 것			시료채취			KS F 2401			-			-			시공연도 및	굳지 않은 콘크리트의 상태			외관 관찰1)			제조시작 시 및 타설 중 수시			시공연도가 좋을 것. 	품질이 균일하고 안정될 것.			슬럼프			KS F 2402			1) 압축강도시험용 공시체 채취 시	2) 타설중에 품질변화가 인정될 때			 아래 표의 범위로 할 것			목표 슬럼프(mm)			허용값(mm)			80이상 180이하			± 25			180초과 210이하			± 15	  			공기량			KS F 2409	KS F 2421	KS F 2449			1) 압축강도시험용 공시체 채취 시	2) 타설중에 품질변화가 인정될 때			± 1.5%의 허용값 이내로 할 것			단위 수량			KCS 14 20 10 3.5.3에 따름			1) 압축강도시험용 공시체 채취 시	2) 타설중에 품질변화가 인정될 때			시방배합 단위수량	± 20kg/m³ 이내			압축강도			KS F 2405	현장 양생			1) 공시체의 채취시기 : 타설 시 1회 이상	2) 공시체의 채취방법 : 충전 콘크리트 타설 시에 공시체 3개 채취	3) 재령: 28일			공시체 3개 압축강도의 평균값이 품질기준강도(fcq) 이상일 것			염화물량			KS F 2515 	KS F 2713			1) 해사 등 염화물을 함유할 우려가 있는 골재를 사용할 경우 : 타설 시 및 120m3 에 1회 이상	2) 기타의 경우 : 1일에 1회 이상			염소 이온량이 0.3kg/m3 이하			충전도			외관 관찰1)			타설 마다			밀실하게 충전되어 있는지가 확인 가능할 것			1) 검사방법은 담당원과 협의하여 정할 수 있으며, 담당원이 확인 가능한 경우 드론 등을 이용한 영상촬영 데이터를 검사에 활용할 수 있다.	표 3.6-9 깔 모르타르의 시험 및 검사		품목			시험방법			시기 및 횟수			판정기준			모르타르의 상태			외관 관찰1)			배합 시			균일하게 배합되도록 할 것	시공연도가 좋을 것			시공연도			KS F 2476			배합 시			설계도서 및 제조사 상세,	별도 명기없는 경우 플로치 160±10mm가 표준			압축강도			KS F 2476			공시체의 채취시기: 모르타르의 시공 전 및 사용재료 변화 시	공시체수: 3개	시험재령: 28일			압축강도의 평균값이 PC제품 콘크리트의 설계기준강도 이상			충전도			외관 관찰1)			타설 시			밀실하게 충전되어 있는지 확인 가능할 것			1) 검사방법은 담당원과 협의하여 정할 수 있으며, 담당원이 확인 가능한 경우 드론 등을 이용한 영상촬영 데이터를 검사에 활용할 수 있다.	표 3.6-10 충전 모르타르의 시험 및 검사		품목			시험방법			시기 및 횟수			판정기준			모르타르의 상태			외관 관찰1)			배합 시			균일하게 배합되도록 할 것	시공연도가 좋을 것			시공연도			KS F 2476			배합 시			설계도서 및 제조사 상세			충전도			외관 관찰1)			타설 시			밀실하게 충전되어 있는지 확인 가능할 것			1) 검사방법은 담당원과 협의하여 정할 수 있으며, 담당원이 확인 가능한 경우 드론 등을 이용한 영상촬영 데이터를 검사에 활용할 수 있다.	표 3.6-11 줄눈 부위 등 그라우트의 시험 및 검사 항목		품목			시험방법			시기 및 횟수			판정기준			그라우트 상태			외관 관찰1)			배합 시			균일하게 배합되도록 할 것	시공연도가 좋을 것			시공연도			KS F 4044			첫 배합 시			설계도서 및 제조사 상세			압축강도			KS F 4044	현장 양생			그라우트 시공 전 및 사용재료가 변화했을 때			압축강도의 평균값이 PC제품 콘크리트의 설계기준강도 이상			충전도			외관 관찰1)			타설 시			밀실하게 충전되어 있는지 확인 가능할 것			1) 검사방법은 담당원과 협의하여 정할 수 있으며, 담당원이 확인 가능한 경우 드론 등을 이용한 영상촬영 데이터를 검사에 활용할 수 있다.	표 3.6-12 철근 이음용 그라우트의 시험 및 검사		품목			시험방법			시기 및 횟수			판정기준			종류.종목.	제조년월일			그라우트재의 포장지에 표시된 날짜 확인			그라우트 사용 시 전수			사용 기한이 지나지 않을 것			사용 수량			배합표 및 시공관리 기록에 의한 확인			배합 시 전수			설계도서 및 제조사 상세			배합온도			온도계			첫 배합 시			주입 및 충전에 지장이 없을 것			시공연도			KS F 4044			첫 배합 시			공사시방에서 정한 범위내의 값으로 하되 주입 및 충전에 지장이 없을 것			압축강도			KS F 4044	현장 양생			그라우트 시공 전 및 사용재료가 변화했을 때			설계도서 및 제조사 상세			충전도			외관 관찰1)			타설 시			밀실하게 충전되어 있는지 확인 가능할 것			1) 검사방법은 담당원과 협의하여 정할 수 있으며, 담당원이 확인 가능한 경우 드론 등을 이용한 영상촬영 데이터를 검사에 활용할 수 있다.	3.6.7 현장타설 콘크리트 및 접합부 콘크리트의 시험 및 검사(1) 현장타설 콘크리트 및 접합부 콘크리트의 시험 및 검사는 KCS 14 20 10의 규정에 따른다.3.6.8 접합부 방수의 시험 및 검사(1) 접합부의 방수에 사용한 재료의 반입검사는 표 3.6-13에 의한다.(2) 접합부의 방수시공 시 시험 및 검사는 표 3.6-14에 의한다.표 3.6-13 방수 재료의 반입검사		항목			시험 방법			시기 및 횟수			판정기준			실링재의 품질			시험성적서 조회			반입 시			지정 종류일 것 	KS 인증 제품일 것			고무지수재 또는 테이프형 실링재의 	품질 및 형상			시험성적서 조회			반입 시			설계도서에서 정한 조건에 적합할 것			실측			반입 시			지정 치수 일 것			도막방수재의 품질			시험성적서 조회			반입 시			설계도서에서 정한 조건에 적합할 것			보강포의 	품질 및 형상			시험성적서 조회			반입 시			설계도서에서 정한 조건에 적합할 것			실측			반입 시			지정 치수 일 것	표 3.6-14 접합부 방수시공 시의 시험 및 검사 		항목			시험 방법			시기 및 횟수			판정기준			재료의 	보관상태			외관 관찰1)			보관 시			재료의 변질과 변형이 생기지 않도록 	보관되어 있을 것			방수바탕의 	상태			콘크리트 타설 후 경과 일수 확인			방수 전			소정의 건조일수 이상 경과되어 있을 것			외관 관찰1)			방수 시			충분히 건조되어 있을 것	방수재가 구겨지거나 단차가 없을 것	방수결함이 되는 흠이나 균열이 없을 것			고무지수재 또는 테이프형 실링재의 붙임상태			외관 관찰1), 촉감			시공 중, 전수			제자리에 있어야 하며, 굴곡이 없을 것			시공 후, 전수			붙인 후 여장이 없을 것	접착 후 들뜸이 없을 것			도막방수재의 	시공상태			외관 관찰1), 실측			프라이머 도포 시, 	전수			프라이머 지정도포 폭 이상일 것	프라이머를 균등히 도포하여 굴곡이 없을 것			도막방수재 도포 시, 전수			지정 방수 폭 이상일 것	지정 두께 일 것			외관 관찰			보강포 바르기 전, 전수			방수결함이 되는 기포, 함몰이 없을 것			보강포의 	붙임상태			외관 관찰1), 촉감			시공 중, 전수			방수 결함이 되는 기포, 	단부에 말림과 젖혀짐이 없을 것			시공 후, 전수			깊은 주름이 없을 것	단부가 쉽게 말리지 않을 것			실링재의 	충전상태			외관 관찰1), 촉감			시공 중, 전수			방수결함이 되는 틈새, 기포의 혼입, 남김이 없을 것			시공 후, 전수			기포가 없을 것	양쪽 제품에 접착되어 있을 것			접합부 멤브레인	방수의 상태			외관 관찰1), 촉감			시공 중, 후, 전수			설계 사양 및 마감 상세에 적합하고, 	방수 결함이 없을 것			1) 검사방법은 담당원과 협의하여 정할 수 있으며, 담당원이 확인 가능한 경우 드론 등을 이용한 영상촬영 데이터를 검사에 활용할 수 있다.	",Building precast concrete construction,"1. General Provisions 1.1 Scope of Application (1) This standard specifies the general and fundamental requirements necessary to meet the quality and performance required for the production and construction of structural precast concrete in construction projects. (2) With regard to matters other than those specified in this standard regarding materials and methods, changes can be implemented through the design change procedure by submitting research and experimental results demonstrating that an equivalent or higher level of construction quality than that required by this standard can be secured, and obtaining approval from the client or responsible party. 1.2 Reference Standards 1. No relevant legal provisions regarding 2.1. 1. 2.2 Related Standards. KCS 14 20 01 General Requirements for Concrete Construction. KCS 14 20 10 General Concrete. KCS 14 20 11 Reinforcement Construction. KCS 14 20 20 Lightweight Aggregate Concrete. KCS 14 20 22 Fiber-Reinforced Concrete. KCS 14 20 32 Self-Compacting Concrete. KCS 14 20 33 High-Strength Concrete. KCS 14 20 40 Korean-Chinese Concrete. KCS 14 20 41 West-East Concrete. KCS 14 20 53 Prestressed Concrete. KCS 14 31 20 Welding. KCS 14 31 25 Bolt Joints and Pin Connections. KCS 41 30 01 General Requirements for Concrete Construction of Buildings. KCS 41 40 00 Waterproofing Works. KDS 14 20 50 Design Standard for Reinforced Concrete Structures. KDS 21 50 00 Design Standard for Formwork and Falsework. KS B 0839 Ultrasonic Examination Method and Acceptance Criteria for Gas-Pressure Welded Joints of Steel Bars for Reinforced Concrete. KS B 0554 Test Method and Judgment Criteria for Gas-Pressure Welding Qualification Test of Steel Bars for Reinforced Concrete. KS D 0001 General Inspection Rules for Steel Materials. KS D 0249 Inspection Method for Mechanical Splices of Steel Bars for Reinforced Concrete. KS D 3504 Steel Bars for Reinforced Concrete. KS D 3505 PC Steel Bars. KS D 3510 Steel Wire. KS D 3527 Recycled Steel Bars for Reinforced Concrete. KS D 3552 Steel Wire. KS D 3554 Steel Wire Rod. KS D 3559 Drawn Steel Wire. KS D 7002 PC Steel Wire and PC Steel Strand. KS D 7004 Steel Rod for Arc Welding with Flux Coating. KS D 7006 Flux-Coated Arc Welding Rod for High-Tensile Strength Steel. KS D 7009 PC Drawn Steel Wire. KS D 7017 Welded Wire Mesh and Steel Bar Grid. KS F 2402 Slump Test Method for Concrete. KS F 2405 Compression Test Method for Concrete. KS F 2409 Method of Test for Unit Volume and Air Content of Fresh Concrete (Mass Method). KS F 2421 Method of Determining Air Content of Fresh Concrete by Pressure. KS F 2426 Compression Test Method for Shotcrete Mortar. KS F 2449 Method of Determining Air Content of Fresh Concrete by Volume. KS F 2462 Unit Mass Test Method for Lightweight Concrete for Structural Use. KS F 2476 Test Method for Polymer Cement Mortar. KS F 2515 Method of Test for Chloride Content in Aggregates. KS F 2527 Aggregates for Concrete. KS F 2713 Method of Test for Chloride Analysis in Concrete and Concrete Materials. KS F 4009 Ready-Mixed Concrete. KS F 4044 Non-Shrink Grouts with Hydraulic Cement. KS F 4722 Prefabricated Concrete Wall Panels. KS F 4726 Prefabricated Concrete Floor Panels. KS F 4729 Prefabricated Concrete Roof Panels. KS F 4910 Sealants for Building. KS F 8006 Formwork of Steel-Framed Plywood. KS L 5201 Portland Cement. KS L 5204 White Portland Cement. KS L 5210 Slag Cement. KS L 5211 Fly Ash Cement. KS L 5401 Pozzolan Cement. KS L 5405 Fly Ash. KS Q 8001 KS Certification System - General Requirements for Product Certification. 1.  General Terms and Definitions
    1.3 Definitions:
    *   **Prop Support:** A steel pipe-shaped product used for assembling walls or columns, installed at an angle to the side of a precast concrete product to ensure assembly precision and allow for fine adjustment.
    *   **Rubber Strip:** A sealing material made of rubber asphalt, compressed and compacted by the precast wall member, exhibiting a sealing effect.
    *   **Hardware:** A general term for metal fittings used for joining, connecting, and embedding in reinforced concrete and precast concrete products.
    *   **Shop Drawing:** A drawing depicting precast concrete products, related connecting fittings, the production of precast concrete, and on-site assembly.
    *   **Fabrication:** The process of assembling products and fabricating embedded ironware in a factory for assembly or construction.
    *   **Air-Dry Density:** The unit density of a concrete specimen measured after air-drying at a temperature of (16 ~ 27)℃ without evaporation or absorption of moisture for 7 days, then drying at a temperature of (23 ± 1)℃ and a relative humidity of (50 ± 5)% for 21 days.
    *   **Mechanical Connection:** A method of directly connecting reinforcing bars by means of a coupler system or a sleeve internal filling method.
    *   **Pad Mortar:** Mortar installed to adjust the height of the upper precast concrete product, transmitting axial stress from the upper precast concrete product to the lower structure, playing an important role in structural strength.
    *   **Compressive Strength for Durability:** The compressive strength of concrete according to the durability design criteria of KDS 14 20 40.
    *   **Non-Working Joint:** From a waterproofing perspective, a joint that does not change in width (expand or contract) due to relative deformation caused by interstory displacement during an earthquake.
    *   **Specified Compressive Strength:** The compressive strength of concrete used as a reference for designing reinforced concrete members.
    *   **Molding:** The process of filling fresh concrete into a form, compacting it, and shaping it into the form of a precast concrete product.
    *   **Vertical Joint:** A vertical joint connecting adjacent wall panels on the same floor.
    *   **Horizontal Joint:** A horizontal joint connecting interstory shear walls, shear walls and floor slabs, or adjacent floor slabs on the same floor.
    *   **Sleeve Connection:** A mechanical connection method in which reinforcing bars with protruding heads are positioned inside a hollow steel cylindrical tube and connected by non-shrink grout.
    *   **Sealing:** A general term for materials filled into joints between precast concrete products or between precast concrete products and adjacent materials, mainly for waterproofing.
    *   **Insert:** A component embedded inside a product for connecting an apparatus or facility.
    *   **Joint Concrete:** Cast-in-place concrete used at the joint of a precast concrete product.
    *   **Steam Curing:** Accelerated curing performed in a high-temperature steam environment.
    *   **Accelerated Curing:** A curing method that accelerates the hardening or strength development of concrete by increasing the temperature or applying high pressure.
    *   **Joint Mortar:** Mortar filled between precast concrete products or in reinforcing bar welding pockets.
    *   **Infilled Concrete:** Concrete used in narrow, long joints, such as vertical joints of precast concrete walls or between precast concrete slabs and slabs.
    *   **Stripping:** The process of removing a precast concrete product from the form after a certain period of time.
    *   **Stripping Strength:** The compressive strength of concrete at the time of stripping, which is the strength required to prevent damage to the product or smooth stress transfer after stripping.
    *   **Precast Concrete Product:** A precast concrete product manufactured in a controlled factory.
    *   **Quality Guaranteed Compressive Strength of Concrete:** The larger value between the design specified compressive strength determined in structural calculations and the durability compressive strength reflected in the durability design. 1.4 Precast Concrete General (1) When producing precast concrete, the materials used, mix design, reinforcement placement, forming, and curing shall comply with the relevant standards and the provisions of this specification to obtain precast concrete with the required quality and performance. (2) The quality and performance of the precast concrete shall not be impaired during handling, storage, transportation, assembly, and connection processes. 1.5 Submissions (1) Shop drawings (2) Product data (3) Construction plan and quality control plan (4) Accelerated curing plan for concrete (5) Test reports for grout materials (6) Other requirements are specified in KCS 14 20 10 ("" It complies with the relevant requirements of 1.5). 1. 5.1 Detailed Construction Drawings (1) Precast Concrete Assembly Construction Details ① Shall include the location of reinforcing bars and piping, as well as the self-weight distribution diagram, for each type of joint. (2) Product Fabrication Drawings ① Shall include structural calculation sheets, the placement of structural reinforcing bars and welded wire fabric, reinforcing bars, and the placement of embedded materials such as various electrical, telecommunications, mechanical equipment, piping, and sleeves, for each product size and type. 1. 5.2 Product Data (1) Precast Concrete Products ① Product data for precast concrete products shall include the following: a. Data regarding the precast concrete product manufacturing plant (a) Shall include data on the manufacturing plant location, status of production facilities and production capacity, specifications and quantity of transport equipment, number of employees, production methods, assembly sequence and methods. b. Aggregate (a) Regarding the aggregate used in the production of precast concrete products, shall include data on the location of the aggregate source and the aggregate testing and management system. c. Cement (a) Product data from the cement manufacturer for the cement used in the production of precast concrete products. d. Structural Reinforcing Bars and Welded Wire Fabric (a) Product data from the manufacturer of structural reinforcing bars and welded wire fabric used in the production of precast concrete products. e. Accessories (a) Regarding various purchased accessories used in the production of precast concrete products, shall include product data from the accessory manufacturer. (2) Cast-in-place concrete (3) Reinforcing bars (4) To review and approve the selection of materials or quality verification necessary for product production, the contractor shall submit a request for approval of material suppliers to the responsible party for approval. 1. [ERROR] : 'choices' 1. 5.4 Construction Management (1) The contractor shall perform construction management for all matters arising at the factory and on-site, based on the construction plan. Management targets such as labor, materials, equipment, and funds, and construction methods shall be managed from the perspectives of quality, schedule, and safety. (2) Quality Control ① Quality control shall be performed by designating a quality control manager. The key points of quality control at the factory and on-site shall be clarified to manage and obtain the desired quality. ② Process management shall be performed for each process and each task. ③ Required performance items include strength, waterproofing, soundproofing, fire resistance, thermal insulation, and durability. Tests and inspections shall be performed on substitute characteristics of these performances, such as concrete strength, reinforcement condition, concrete dry unit volume, dimensional tolerances, finishing appearance, cracks, and damage. ④ Management limits shall be established in advance, and appropriate measures shall be taken if they are exceeded. (3) Schedule Management ① Labor plans, material procurement plans, equipment mobilization plans, and funding plans shall be established and managed in accordance with the schedule plan. ② The connection between the factory and the site shall be checked frequently to eliminate potential schedule delays. (4) Safety Management ① Due to the large dimensions and weight of the products compared to traditional methods, special care should be taken in handling and assembling the products. 1. You shall submit samples from the manufacturer for each material of items purchased and installed in precast concrete products, 5.5 Sample (1). 1.6 Quality Assurance Procedures 1. ""6.1 General Quality Assurance Procedures (1) The quality assurance of precast concrete shall comply with the applicable provisions of KCS 14 20 01 and Appendix 1."" 1. 6.2 Qualifications of Quality-Related Personnel (1) Quality technicians at precast concrete plants, assemblers, welders, crane operators, and others should possess the qualifications stipulated in relevant laws and regulations and have sufficient construction experience. 1. ""6.3 Mock-up Construction (1) A mock-up construction shall be performed at a location and scale designated by the responsible officer among buildings where precast concrete is to be installed."" 1. Prior to the precast concrete assembly work, the contractor shall hold a meeting with relevant subcontractors and lower-tier subcontractors involved in related works to coordinate the order and schedule of construction, and conduct mutual consultations. 1.7 Environmental Conditions (1) Prior to commencing precast concrete construction, review the project requirements related to environmental impact, environmental performance, and green growth as stipulated in KCS 14 20 01 ("" ""1.4) and complies with the relevant requirements of Appendix 2. 2. Materials"" 2.1 Performance and Quality of Precast Concrete Products and Joints 2. 1.1 General Provisions (1) This section specifies the performance and quality of precast concrete products and joint materials. 2. 1.2 Performance and Quality of Precast Concrete Products (1) Concrete ① The type of concrete shall be classified into normal-weight concrete, lightweight concrete Type 1, and lightweight concrete Type 2, depending on the type of aggregate used in the concrete. ② Design compressive strength is in Table. Refers to Table 2.1-1. 2.1-1 Concrete Types and Design Compressive Strength and Dry Unit Density Based on Used Aggregates

Concrete Type			Design Compressive Strength (MPa)			Dry Unit Density (kg/m3)
Normal Weight Concrete			21~120			2,100~2,500
Lightweight Concrete Type 1			18~40			1,800~2,100
Lightweight Concrete Type 2			18 ~ 27			1,400~1,800

③ Dry Unit Density
a. The dry unit density of normal weight concrete shall be based on 2,100~2,500 kg/m3.
b. The dry unit density of lightweight concrete shall be based on 1,800~2,100 kg/m3 for Type 1 and 1,400~1,800 kg/m3 for Type 2.

④ Concrete Compressive Strength Management
a. For precast concrete, samples shall be taken at the product manufacturing site to prepare test specimens, and standard curing shall be performed after curing under the same conditions as the product until formwork removal.
b. The compressive strength of the test specimens shall meet the following criteria:
- Upon formwork removal: The average compressive strength shall be equal to or greater than the required strength at formwork removal.
- On the product shipment date: The average compressive strength shall be equal to or greater than the required strength on the shipment date. However, in the case of early shipment, it shall be at least 30 MPa and 75% of the design compressive strength (provided that early shipment is approved based on the needs of the product customer and ordering party).
- At 28 days: The average compressive strength shall be 100% of the design compressive strength.
c. The required strength based on the formwork removal date shall be a value that does not cause harmful cracks or damage when the product is removed from the formwork, and shall be approved by the responsible party.
d. The required strength on the product shipment date shall be a value that does not cause harmful cracks or damage when the product is shipped, and shall be approved by the responsible party.
e. The standard quantity and curing conditions for test specimens for concrete compressive strength testing are shown in the table. ""2.1-2 is the same as. Table"" 2.1-2 Standard Quantity of Test Specimens for Concrete Compressive Strength Test		Distinction			Curing under the same conditions as the product			Curing under the same conditions as the product, (after demolding) Standard curing (20±2℃)			Strength at demolding			Strength at shipment			28-day strength			Once a day or more, for every 120 m³ of production or whenever the mixture is changed			1 set (3 specimens)			1 set (3 specimens)			1 set (3 specimens)			Total			3 sets (9 specimens)	⑤ Modulus of Elasticity. If the modulus of elasticity of concrete is required in the design, each value shall be verified by test. ⑥ Durability. Durability is KCS 14 20 10 ("" ""1.9) shall comply with the provisions.⑦ Covering thickness. Covering thickness is KDS 14 20 50 ("" 4. 3.3) shall comply with the provisions of section a. The contractor shall verify in advance that the cover thickness shown in the design drawings is secured. (2) Dimensional accuracy and finishing condition of the product ① The dimensional accuracy of the product shall be in accordance with the table. Shall be within the limits that do not affect assembly and on-site work in accordance with 2.1-3. Table. 2.1-3 Tolerance for Dimensions of Precast Concrete Products

| Product Name | Dimensional Tolerance | Remarks | Length (Height) | Width | Depth | Thickness | Diagonal |
|---|---|---|---|---|---|---|---|
| Wall Panel | ± 5㎜ | ±3㎜ | +5㎜, -2㎜ | +10㎜, -2㎜ |  |  |  |
| Sandwich Panel | ± 5㎜ | ±3㎜ |  |  | ±5㎜ |  |  |
| Wall Panel (Load-bearing) : +5㎜, -2㎜  Wall Panel (Non-load-bearing) : ±3㎜ |  |  |  |  |  |  |  |
| Floor Panel | ± 7㎜ | ±3㎜ | +5㎜, -2㎜ | +10㎜, -2㎜ |  |  |  |
| Roof Panel | ± 5㎜ | ±3㎜ |  |  | ±3㎜ | +10㎜, -2㎜ |  |
| Beam | ±20㎜ | ±6㎜ | ±6㎜ |  |  |  |  |
| Column | ±13㎜ | ±6㎜ | ±6㎜ |  |  |  |  |
| Stair Panel | ±13㎜ | ±10㎜ |  |  |  |  |  |
| Stair Height = ±5㎜ Stair Width = ±6㎜ |  |  |  |  |  |  |  |
| Opening | ±6㎜ | ±6㎜ |  |  | ±6㎜ |  |  |

② The precision of the installation position of pre-attached components is specified in the table. Shall be within the range that does not affect assembly and on-site work in accordance with 2.1-4. Table 2.1-4 Embedded Metal Fitting Location Tolerance for Precast Concrete

| Embedded Fitting Name | Location Tolerance | Remarks |
|---|---|---|
| Connection Fittings | Horizontal: Lengthwise ±15㎜, Widthwise ±3㎜, Tilt 1° Vertical: Heightwise ± 5㎜, Tilt 2° | Tolerance with respect to the design position |
| Lifting Hooks | ±25㎜ |  |
| Electrical Fittings | ±12㎜ |  |
| Inserts | ±12㎜ |  |
| Reinforcement and Wire Mesh | ±6㎜ |  |
| Bolt Holes | Wall Panels and Floor Slabs: ±3㎜ Other: ±2㎜ |  |

③ The finishing condition of the precast concrete products shall be such that there are no cracks, breakage, etc., which impair the structural, durability, watertightness, or aesthetic qualities.
b. Connection fittings, lifting fittings, and pre-attached components shall be free from bending, damage, errors, or distortion that impair the structural, functional, or aesthetic qualities.
c. The finished surface of the product shall be free from defects such as large pores, contamination, etc., which may impair the finishing of interior materials, durability, and aesthetics, and the flatness of the finished surface shall comply with KCS 14 20 10 (Table). ""3.7-1)의 규정을 따른다. 라. Product joint shapes and finishes shall comply with the design specifications."" 2. 1.3 Performance and Quality of Joints (1) The materials used in the joints shall be selected from ① to ④ below, depending on the dimensions and construction method of the joint, and approved by the responsible party. ① Filling concrete ② Filling mortar ③ Bedding mortar ④ On-site cast concrete for joints (2) The compressive strength of the materials used in the joints shall generally be equal to or greater than the quality reference strength of the precast concrete products constituting the joint. (3) The reinforcing steel resistance of the materials used in the joints shall be equal to or greater than that of the precast concrete products constituting the joint. (4) Filling Concrete ① The type of aggregate used in the filling concrete shall be standard ordinary weight concrete. ② The design compressive strength of the filling concrete shall be equal to or greater than the design compressive strength of the precast concrete products. However, this shall be an exception if separately specified in the design documents. ③ The compressive strength of the filling concrete shall be verified by the compressive strength of test specimens cured underwater on site, and this value shall be equal to or greater than the design compressive strength at 28 days. ④ The construction period for the filling concrete shall be such that it is densely placed in the filling area and with minimal bleeding and material segregation. ⑤ The slump of the filling concrete shall be 210 mm or less. However, if a slump greater than this is required, it may be modified in consultation with the responsible party. ⑥ The water-binder ratio of the filling concrete shall be 55% or less, the unit water content shall be 185 kg/m³ or less, and the unit binder content shall be 330 kg/m³ or more. ⑦ Durability shall comply with KCS 14 20 10. 1.9) shall comply with the provisions of 1.9). ⑧ When using a non-shrink admixture (expansive agent), the concrete volumetric expansion rate shall be within a range of 1% or more. (5) Filling Mortar and Bedding Mortar ① The filling mortar shall be non-shrinkable and shall not adversely affect the reinforcing steel, such as causing rust. ② The compressive strength of the filling mortar shall be determined by sampling in the field and curing in water for 28 days, and the value shall be equal to or greater than the design compressive strength of the precast concrete. ③ The construction schedule of the filling mortar shall be such that no unfilled portions are left. ④ The compressive strength of the bedding mortar shall be determined by sampling in the field and curing in water for the test specimens, and the value shall be equal to or greater than the design compressive strength of the precast concrete. ⑤ The construction schedule of the bedding mortar shall be carried out so as to be densely placed. (6) On-Site Concrete for Joints ① The on-site concrete for joints shall be general concrete with a water-binder ratio of 55% or less. However, any special requirements stipulated in the design documents shall be considered. ② The strength of the on-site concrete for joints shall be determined to be equal to or greater than the quality reference strength, considering the design compressive strength and durability compressive strength. In addition, it shall be determined to be equal to or greater than the quality reference strength of the precast concrete. However, this shall be an exception if separately specified in the design documents. ③ The construction schedule of the on-site concrete for joints shall be carried out so as to be densely placed in the joints and to minimize bleeding and segregation. ④ Other quality of the on-site concrete for joints is 2. Follow section 2.6 and all other aspects shall comply with KCS 14 20 10. 2.2 Components 2. 2.1 Cement (1) Ordinary Portland cement, medium heat Portland cement, early strength Portland cement, low heat Portland cement, and sulfate-resistant Portland cement shall be used in accordance with KS L 5201, blast furnace slag cement in accordance with KS L 5210, fly ash cement in accordance with KS L 5211, and pozzolan cement in accordance with KS L 5401, and shall comply with the provisions of KCS 14 20 00. (2) When using cement other than that specified in (1), approval of the responsible party shall be obtained regarding the suitability of the quality. 2. 2.2 Aggregate (1) The aggregate shall conform to the provisions of KCS 14 20 00 and KS F 2527. (2) The maximum size of coarse aggregate shall be within a specified value; if not specifically defined, it shall be 25㎜ or less. However, the maximum size of coarse aggregate used in filling concrete shall be 20㎜ or less. (3) If the aggregate to be used is chemically or physically unstable, the approval of the responsible engineer shall be obtained for its use and method of use. (4) Aggregate used in concrete and mortar for areas requiring high fire resistance according to relevant laws and regulations or the client's requirements shall have its quality performance approved by the responsible engineer. 2. 2.3 Water (1) Water shall not contain harmful amounts of impurities that affect concrete and reinforcing steel. (2) Water shall comply with the provisions of KCS 14 20 00. However, when using recycled water, approval from the responsible party shall be obtained. 2. 2.4 Admixtures (1) Admixtures shall comply with the provisions of KCS 14 20 00. (2) When using admixtures other than those specified in (1), they shall not impair the quality of the concrete and the test certificate from an accredited testing agency shall be submitted to the responsible party. 2. 2.5 Reinforcement and Other Hardware (1) Reinforcing Steel① Reinforcing bars and reinforcing bar tie wires, spacers, and supports comply with KCS 14 20 11 ("" 2.1, shall comply with the provisions of 2.2) and the steel wire shall conform to KCS 14 20 53. 2. 1.2) shall comply with the provisions of. Also, the type and quality shall be in accordance with the design drawings and manufacturer's specifications. ② Reinforcing bars shall comply with KS D 3504 or KS D 3527. However, recycled reinforcing bar shall not be used in welded areas. ③ Welded wire mesh shall comply with the provisions of KS D 7017. ④ Welding materials and welding rods used for joining products shall comply with KS D 7004 and KS D 7006. (2) Joining Hardware ① The shape, specifications, and quality of joining hardware shall be in accordance with the design drawings and manufacturer's specifications. However, if reinforcing bars are used in joining hardware, the quality of the reinforcing bars is 2. 2.5(1) shall apply. ② Inspection of connecting hardware shall be performed based on dimensions and finishing of welds. ③ Finishing of welds shall comply with KCS 14 31 20. ④ Welding areas shall not be cut using shear cutting; gas cutting or sawing shall be used instead. ⑤ The shape, specifications, and quality of couplers, sleeves, etc. used in mechanical connections shall comply with the design documents. ⑥ High-strength bolts and welding materials shall comply with KCS 14 31 25. 2.1), KCS 14 31 20 ( 2.1) regulations shall be complied with. (3) Lifting Equipment ① Lifting equipment shall be safe for the required load and shall conform to the design documents. ② The shape and dimensions of lifting equipment shall conform to the design documents. ③ If not separately specified or indicated in the design documents, the construction plan shall describe the suitability for the required performance and obtain the approval of the responsible person. (4) Purchased Hardware ① Purchased hardware shall be safe for the required load, and the quality shall conform to the design documents. ② The shape and dimensions of purchased hardware shall conform to the design documents. 2. 2.6 Cast-in-place Concrete (1) The type and quality of cast-in-place concrete shall comply with the provisions of KCS 14 20 10. However, the water-binder ratio shall be 55% or less. (2) Cover thickness shall comply with KDS 14 20 50. It shall comply with the cover thickness requirements of 4.3). (3) The spacing between reinforcing steel or welded wire mesh and the product joint surface shall be the maximum size of coarse aggregate. The dimensional accuracy of cast-in-place concrete members shall be no less than 1.25 times (4) KCS 14 20 10 ("" 3. 5. (5) The finishing condition of cast-in-place concrete members shall comply with KCS 14 20 10. complies with the provisions of 3.7) 2. ""2.7 Grout and collar mortar (1) shall determine the appropriate type and quality for construction and obtain the approval of the responsible person."" 2. 2.8 Material Quality Control (1) Testing and inspection of cement, aggregates, water, and admixtures used in concrete and mortar are shown in the table. Perform according to Table 2.2-1. 2.2-1 Testing and Inspection of Materials Used for Concrete and Mortar		Item			Testing Method			Timing and Frequency			Judgment Criteria			Cement			Verification of conformity with quality specifications based on test results submitted by the manufacturer. (According to the respective provisions in Chapter 2)			Before and during construction, including product fabrication, and as needed			Shall comply with the design specifications or KS standards			Aggregate			Water			Admixture			Mortar (2) Testing and inspection of welded wire mesh, grid reinforcement, etc. shall be in accordance with the table Perform according to Table 2.2-2. 2.2-2 Testing and Inspection of Reinforcing Bars, Welded Wire Mesh, and Fabricated Steel Reinforcement

| Item | Testing Method | Timing/Frequency | Acceptance Criteria |
|---|---|---|---|
| Reinforcing Bars | Comparison with accompanying delivery notes, including mill sheets, markings, and bundle markings; measurement of diameter and length | Before start of construction (including product fabrication) and upon receipt | Shall conform to the design specifications or KS standards. |
| Welded Wire Mesh |  |  |  |
| Fabricated Steel Reinforcement | (3) Testing and inspection of steel materials shall comply with KS D 0001. (4) Testing and inspection of hardware and other components shall follow Korean Industrial Standards or relevant standards and obtain the approval of the responsible party. |  |  | 2.3 Formulation 2. 3.1 General (1) The planned concrete mix for precast concrete products shall be determined based on the manufacturing conditions, shipping conditions, required service life, strength, modulus of elasticity, durability and. The other performance aspects indicated in section 2.2 are confirmed to be satisfactory and comply with the provisions of KCS 14 20 00. (2) The mix design shall be determined primarily through trial mixing and approved by the responsible person. 2. 3.2. Mix Strength (1) Mix strength is indicated by the compressive strength of standard-cured specimens at 28 days of curing age, as per the equation ("" 2.3-1)～formula( ""2.3-4) shall be satisfied. However, when ready-mixed concrete is used, the formula ("" shall apply."" 2.3-1)～formula( The specified mix strength in 2.3-4) cannot be used, and KCS 14 20 10 ( 2. According to 2.2), you must use the term of address strength(). 2.3-1) 2.3-2) ( 2.3-3) 2.3-4) Hereinafter, : 28-day strength at mixing (MPa) : Required strength at demolding (MPa) : Required strength at shipment (MPa) : Specific aged required strength (MPa) of test specimens cured under the same conditions as the product's curing conditions : Concrete strength correction value (MPa) due to the difference between the specified strength and the compressive strength at demolding of test specimens cured under the same conditions as the product's curing conditions : Concrete strength correction value (MPa) due to the difference between the specified strength and the compressive strength at the shortest shipment time of test specimens cured under the same conditions as the product's curing conditions : Concrete strength correction value (MPa) due to the difference between the specified strength and the specific aged compressive strength of test specimens cured under the same conditions as the product's curing conditions : Concrete compressive strength standard deviation (MPa) (2) The concrete strength correction value due to the difference between the specified strength and the demolding, shortest shipment time, and specific aged required strength of test specimens cured under the same conditions as the product's curing conditions, , shall be determined based on tests or reliable data. (3) The standard deviation of concrete strength shall be determined based on the performance record of the product manufacturing plant. In the absence of such a record. It shall be 2.5MPa or a larger value. 2. 3.3 Water-Binder Ratio (1) Water-Binder Ratio is 2. The strength shall be determined as obtained from the mix strength indicated in section 3.2. (2) The water-binder ratio shall be 55% or less. However, when using self-consolidating concrete, it shall comply with the provisions of KCS 14 20 32. 2. 3.4 Construction Period, Slump and Slump Flow (1) The construction period shall be such that concrete is densely placed around reinforcing steel and steel, depending on the placing and compaction methods, with minimal bleeding and segregation. (2) Slump and slump flow shall be determined based on test results or reliable data and approved by the responsible person. 2. 3.5 Air Volume (1) Unless otherwise specified, the air volume shall be 3% or less. However, in cases subject to freeze-thaw action, it shall be 3-6% or less. 2. 3.6 Unit Quantity (1) Unit Quantity is 2. The value shall be obtained from 3.4 and minimized as much as possible. However, the unit volume shall be limited to 185 kg/㎥ or less. If self-flowing concrete is used, it shall comply with the provisions of KCS 14 20 32. 2. 3.7 Discretionary Unit Bonding (1) Discretionary unit bonding is 2. 3.3, 2. ""It shall be greater than a specified value from 3.6 and the minimum value shall be 300 kg/㎥. (2) If lower or upper limits for the unit bonding discretion are specified, the conditions of these limits shall be met."" 2. 3.8 Fine Aggregate Ratio (1) Fine Aggregate Ratio is 2. The construction period, slump, and slump flow shall be within the range specified in 3.4, but as small as possible. 2. 3.9 Dosage of Admixtures (1) The dosage of admixtures shall be determined to ensure the required performance of concrete is achieved. 2.4 Production 2. 4.1 General Provisions (1) The selection of precast concrete product manufacturing plants shall be made by selecting a factory that can produce the required products and is located as close as possible to the site, and obtaining the approval of the responsible party. (2) The manufacturing equipment for precast concrete products shall maintain performance to ensure stable production of the products. (3) Before manufacturing precast concrete products, shop drawings shall be prepared based on the design documents. (4) Manufacturing of the products shall be carried out in accordance with the product manufacturing guidelines based on the construction plan. (5) Factory-produced precast concrete products shall conform to KS F 4722, KS F 4726, and KS F 4729. (6) For items without KS standards, such as beams, columns, and stair treads, the quality of the products shall be approved by the responsible party. 2. 4.2 Formwork Fabrication and Assembly (1) Formwork shall have adequate strength and rigidity to prevent deformation such as bending due to vibration and heat curing during concrete placement, and shall be a product verified for structural safety in accordance with KDS 21 50 00. In particular, sufficient consideration shall be given to the fact that the thermal expansion rate of unset concrete is 10 times that of steel. (2) The use of steel formwork conforming to KS F 8006 is the basic principle, and other materials shall use materials conforming to the relevant KS specifications. (3) Formwork shall be fabricated to prevent mixing water or cement paste within the placed concrete from leaking through the formwork joints. (4) During assembly, formwork shall be thoroughly cleaned and free from any deformation. (5) The finish and tolerance of the formwork shall be no more than one-half of the production product tolerance. (6) For each type of formwork, a table shall be prepared before the initial product fabrication. The inspection of 2.4-1 shall be performed, and inspections shall also be carried out whenever requested by the responsible engineer during product manufacturing. (7) Release agents shall be used that do not affect the quality of the product, such as the hardening, strength, and finishing quality of the concrete. Table 2.4-1 Formwork Inspection Criteria		Category			Inspection Item			Inspection Method			Judgment Criteria			Bottom Plate			. Warping, twisting, unevenness. Dents, scratches, rust			. Same as during product measurement. Visual inspection			. Within 1/2 of the product error. Harmful to the finish			Side			. Length (variable, diagonal). Height, right angle accuracy. Bending			. Steel tape. Square. Level			. Within 1/2 of the product error			Embedded Parts			. Position, fixing, and welding condition of connecting hardware, windows/doors, electrical boxes, inserts, etc.			. Steel tape 			. Within 1/2 of the product error 2. 4.3 Fabrication, Assembly, and Installation of Steel Reinforcement (1) Fabrication and Assembly of Steel Reinforcement ① Fabrication and assembly of steel reinforcement shall be carried out in accordance with the product manufacturing drawings. ② Steel reinforcement shall be accurately positioned according to the product manufacturing drawings and fixed to prevent movement during concrete pouring. ③ Before pouring concrete, all harmful substances that may weaken the bond between the steel reinforcement and concrete, such as oil, dust, and paint, shall be removed from the steel reinforcement. (2) Installation of Components ① In the case of precast decorative concrete, spacers shall be made of stainless steel, plastic-coated, plastic, or cement products to prevent rust or stains from appearing on the exposed surface. ② After installing boxes and various fixtures embedded in precast concrete products, reinforce them with wire mesh to prevent cracks from occurring around them. ③ Before pouring concrete, precisely measure the position and tolerances of the components and confirm that they are within the allowable tolerances. 2. 4.4 Concrete for Products (1) Manufacturing ① The concrete mix shall be revised if any of the following changes occur: cement quality and type, aggregate grading and source, or admixture quality and type. ② Measurement of concrete materials shall be in accordance with KCS 14 20 10 ("" 2. ""2.12) shall apply. ③ The mixing shall comply with KCS 14 20 10 ("" 2. Shall comply with 2.13. However, measure the moisture content of aggregates at least once daily and reflect it in the mix design. (2) Quality Inspection ① Concrete quality inspection shall be in accordance with the table. Follows table according to 2.4-2. 2.4-2 Concrete Quality Inspection		Item			Test Method			Timing and Frequency			Judgment Criteria			Sampling			KS F 2401			-			-			Construction Age and Unhardened Concrete Condition			Visual Inspection			At commencement of production and during placement as needed			1) The construction age shall be good.	2) The quality shall be uniform and stable.			Slump			KS F 2402			1) When taking test cylinders for compressive strength testing for mix management or test cylinders for concrete strength testing for precast concrete. 2) When quality changes are recognized during placement			Shall be within the following allowable values. 1) For slump under 80㎜: ±15㎜ or more. 2) For slump 80㎜ or more, but no more than 210㎜: ±25㎜			Air Content			KS F 2409	KS F 2421	KS F 2449			± The difference from the value based on the planned mix shall be within ± 1.5% tolerance. Lightweight concrete unit volume. KS F 2462. Shall be within 3.5%			Temperature			Temperature measurement			Shall be within the specified range			Precast concrete			Compressive strength			KS F 2405			Curing shall be the same as for precast concrete products			Sampling time for test specimens: Once per day or more, every 120 m³ of production, or whenever the mixture is changed			Sampling method for test specimens: 3 specimens each at every age from the time of placement			Test ages for strength test: Demolding, Shipping, 28 days			Demolding: The average compressive strength of 3 test specimens shall be equal to or greater than the required strength at demolding (FA)			Shipping: The average compressive strength of 3 test specimens shall be equal to or greater than the required strength at shipping (FB)			28 days: The average compressive strength of 3 test specimens shall be equal to or greater than the quality reference strength (fcq)			Chloride			Content			KS F 4009			Appendix A			Chloride ion amount 0.3kg/㎥ 이하 (3) Concrete placement, compaction, and finishing of the pouring surface ① Pouring personnel. Before pouring concrete, completely remove concrete and foreign matter adhering to formwork, reinforcing steel, and other components. b. Before pouring concrete, regarding formwork, reinforcement and hardware, and other components, table. Inspect as per 2.4-3. To prevent cold joints due to successive pouring in identical precast concrete products, ensure sufficient concrete volume for mixing and pouring. Table. 2.4-3 Concrete Placement Pre-Pouring Inspection Criteria for Formwork, Reinforcement, and Accessories

| Item | Inspection Method | Timing and Frequency | Acceptance Criteria |
|---|---|---|---|
| **Formwork** | Visual Inspection | 100% | 1) The formwork shall be securely fixed by bolts and taper pins. 2) Cleaning and the application of release agent shall be appropriate. |
| **Reinforcement** | Comparison with Reinforcement Drawings and Visual Inspection | 100% | 1) The diameter, number, and spacing of reinforcing bars shall match the reinforcement drawings. 2) Cover thickness shall be secured. |
| **Metal Accessories and Other Components** | Comparison with Manufacturing Drawings and Visual Inspection | 100% | The type and quantity of metal accessories and other components shall match the manufacturing drawings, and they shall be securely fixed. |

② **Compaction:** When pouring concrete, use internal and external vibration, impact, and auxiliary tools such as tampers and mallets to ensure that the concrete is uniformly and densely compacted.
   a. Be careful not to allow the vibrator to contact the formwork or reinforcing steel, which could disturb the assembled structure, or to cause the placed reinforcing bars or embedded components to move.

③ **Placement Surface Finishing:** The surface finishing and surface treatment types and methods for precast concrete shall comply with the design specifications. In particular, for products that are cast integrally with on-site cast connection concrete or topping concrete, the joint surface finishing shall be rough as a principle, and measures shall be taken in advance to prevent the joint from being hindered by bleeding or latency.
   a. In the final product, the cross-section of the steel wire at the end shall not be exposed externally; if unavoidable, apply rust prevention treatment.

(4) **Curing**
   ① Appropriate curing materials and methods shall be applied to prevent deformation or surface color changes in precast concrete products due to uneven shrinkage after production, and to ensure that the required strength is developed at the appropriate times, such as during transportation and assembly.
   ② Forced curing of concrete by steam, dry heating, or hot water shall be carried out according to the product manufacturing plan.
   ③ Measures shall be taken to prevent rapid cooling of the products after curing is complete.
   ④ The formwork temperature shall be maintained at 5℃ or higher before concrete placement.
   ⑤ If the average daily temperature exceeds 25℃, supply sufficient moisture to the concrete after placement and before curing begins to prevent plastic shrinkage cracks.

(5) **Demolding and Lifting**
   ① The compressive strength of the precast concrete product at the time of demolding shall meet the specified demolding strength requirement.
   ② Demolding shall be carried out without causing harmful cracks or damage.
   ③ If a product is deemed to have poor curing condition, its demolding strength shall be verified using non-destructive testing equipment before demolding. If the demolding strength is insufficient, recuring shall be performed, and the demolding strength shall be reconfirmed before demolding.
   ④ Lifting of products shall be performed safely using lifting equipment appropriate for the product's specifications, weight, and working radius, without causing damage to the products. 2. Product inspection includes examination of shape, dimensions, cracks, damage, adhesion of pre-attached components, surface finish, and concrete cover thickness. The methods and acceptance criteria are shown in the table. 2.4-4 is equal to the table. 2.4-4 Product Inspection		Items			Test Method			Timing and Frequency			Judgment Criteria			Shape and Dimensions			Actual measurement using steel rule, etc.			100% 2. Shall meet the product dimensional accuracy of 1.2(2) Cracks Measurement Full inspection KDS 14 20 30 4. 1.2) Cracks within the allowable crack width shall be permitted.			Damage			Visual inspection			100%			No hazardous damage shall be present.			Condition of hardware and other parts			Visual inspection			100%			The type and quantity of hardware and other parts shall match the product drawings and be installed in the correct location.			Surface finish of the product			Visual inspection			100%			The type of surface finish shall match the product drawings and be of a finish quality equal to or better than the sample.			Coating thickness			Visual inspection			100%			There shall be no signs of insufficient coating thickness.			Note: The inspection method may be determined by consultation with the responsible person, and video data obtained using a drone, etc., may be used for inspection if confirmed by the responsible person. (2) Minor cracks and damage permitted for structural and protective purposes shall be repaired and re-inspected. (3) Each product shall be assigned a product number and the production date shall be marked, and lot-by-lot quality control shall be continuously performed and the contents recorded. (4) Product inspection processes shall be thoroughly implemented to prevent field processes from being delayed due to product inspection failures such as product number errors and exceeding manufacturing tolerances. 2.5 Storage, Shipment, and Transportation 2. 5.1 General Provisions (1) When storing, shipping, and transporting precast concrete products, care shall be taken to prevent damage to the products. (2) Storage, shipping, and transportation of the products shall be carried out in accordance with the construction plan. 2. 5.2 Storage (1) Precast concrete products shall be stored to prevent overturning or dropping due to anticipated external forces. (2) When products are stored for an extended period after curing, measures shall be taken to prevent rust on connecting hardware and reinforcing steel, and to prevent soiling, cracking, breakage, and deformation of the products. 2. 5.3 Shipping (1) The shipping of precast concrete products shall be carried out according to the shipping schedule so as not to hinder on-site product assembly. (2) The concrete compressive strength at the time of product shipment is... 2. Verify compliance with the required strength for shipment as specified in section 1.2, and visually inspect the product for cracks, damage, and any abnormalities in shape or form. 2. 5.4 Transportation (1) The transportation of precast concrete products shall be carried out by selecting transport vehicles and transport scaffolding of appropriate sizes suitable for the dimensions and shape of the products, so as to prevent cracks, breakage, or deformation from occurring to the products during transportation. (2) The installation criteria for supports and protective materials are shown in the table. It shall comply with 2.5-1 and shall not cause damage, staining, or deformation to the product. Table 2.5-1 Installation Requirements for Supports and Protective Materials		Product Underside			Product Corners (as needed)			Contact Points Between Products			Timber Beams or Rubber Sheets			Rubber Sheets or Steel Protective Boards 			Floors with Timber Beams, Walls, and 	Others with Rubber Sheets or Protective Covers (3) During product transportation, comply with the Road Traffic Act and take necessary measures to prevent accidents. 3. Construction 3.1 Precast Concrete Products - Delivery and Storage at Site 3. 1.1 On-Site Delivery of Precast Concrete Products (1) When delivering precast concrete products to the site, verify the factory's inspection completion mark and conduct inspections for cracks, damage, deformation, etc. that occurred during transportation. Inspection methods and acceptance criteria are. 3. Complies with 6.4. Do not import products that do not meet the inspection results. 3. 1.2 On-site Storage of Precast Concrete Products (1) When temporarily storing precast concrete products at the construction site, supports, etc. shall be installed considering the shape and center of gravity of the products, and safety measures shall be taken to prevent harmful cracks, damage, deformation, and contamination. 3.2 Precast Concrete Products Assembly 3. 2.1 General Provisions (1) The assembly of precast concrete products shall be carried out based on the construction plan. (2) Precast concrete products shall be assembled at the locations indicated in the design documents, ensuring assembly precision. 3. 2.2 Temporary Works Plan (1) The temporary works plan shall ensure the safe assembly of precast concrete products and secure the quality of the structure. (2) Prior to the assembly of precast concrete products, the ground conditions, including the travel routes for assembly machinery, shall be inspected, and necessary safety measures shall be taken. 3. 2.3 Assembly Machines and Assembly Workers (1) The machines and tools used for product assembly shall have sufficient performance for their intended purpose. (2) The operators of the machines and assembly workers shall be qualified individuals in accordance with relevant laws and regulations. 3. 2.4 Assembly Work (1) The assembly work of precast concrete products shall be performed in accordance with the construction plan. (2) Before commencing the assembly work of precast concrete products, the contractor shall verify and prepare for the following: ① Verify the structural safety of the lower layer joints. ② Perform layout and leveling work for positioning the precast concrete products. ③ Clean the precast concrete products before assembly and inspect lifting hardware, connecting hardware, and reinforcing bars to ensure no interference with assembly and subsequent connection of the precast concrete products. ④ Designate a work supervisor for the precast concrete product assembly and carry out the work according to their instructions. (3) The assembly of precast concrete products shall be performed with due consideration for the following in order to ensure the assembly precision of the structure and safety during work: ① The precast concrete products shall be aligned with the assembly layout and reference level to prevent overturning and misalignment. ② Adjust the position of the precast concrete products and temporarily fix them with inclined supports, scaffolding, and fixing hardware. ③ When assembling horizontal members such as beams and slabs, ensure safety by implementing measures such as scaffolding, fixing hardware, and welding before assembly. In particular, if the products are temporarily fixed to columns or adjacent beam members without scaffolding, take safety measures to prevent the collapse or fall of members during construction before assembly. (4) Assembly work shall be suspended in the event of strong winds. (5) If cracks or damage occur to the precast concrete products during assembly, the measures shall be taken according to the instructions of the responsible personnel. (6) After the assembly of precast concrete products, inspect the assembly precision. The inspection method and judgment criteria are. 3. ""It shall comply with 6.5. At this time, assembly errors shall not accumulate on the plan or elevation, and assembly errors shall be based on measurements from the building reference line, regardless of the manufacturing errors of the product."" 3.3 Precast Concrete Product Joints 3. 3.1 General Provisions (1) The type and method of joining precast concrete products shall comply with the specifications for each component. (2) The joining of precast concrete products shall be carried out in accordance with the construction plan and quality control plan. 3. 3.2 Reinforcement and Steel Connection 3. 3. 2.1 Mechanical Splices (1) Mechanical splices shall be constructed using methods verified to provide adequate joint performance. (2) The construction of mechanical splices shall follow the manufacturer’s detailed construction procedures and construction plans for each splicing method. However, the following precautions shall be observed. ① For sleeve couplings, ensure sufficient rebar embedment length and adequate grout injection, and maintain the specified grout mix. ② For screw-type couplings, ensure sufficient rebar embedment length and proper tightening, and if grout is injected into the gap between the rebar and coupler, ensure adequate grout injection. 3. 3. 2.2 Welding Joints (1) Welding of steel, flare welding of steel and reinforcing bar, and flare welding of reinforcing bars shall be performed by individuals with sufficient experience and qualifications, considering the welding method, working position, shape of the base metal, plate thickness, etc. (2) Welding shall be performed with due consideration of the following: ① The welding area and welding materials shall be sufficiently dry. ② The work environment shall be free from the influence of rain or wind. ③ The work environment shall be free from the influence of low temperatures. 3. 3. 2.3 Gas Welding Joints (1) Gas welding joints shall be executed by a person with gas welding skills, and their construction shall comply with the Concrete Construction Standard Specification KCS 14 20 11. 3. 3. ""2.4 High-Strength Bolt Connections (1) The construction of high-strength bolt connections shall comply with the Standard Specification for Steel Structure Construction KCS 14 31 25."" 3. 3. ""2.5 Other Bonding (1) Other bonding methods shall be approved by the responsible officer upon submission of data demonstrating the achievement of the required performance."" 3. 3. 2.6 Rebar and Steel Connection Testing and Inspection (1) Rebar and steel connection testing and inspection are... 3. It complies with 6.6. 3. Construction of 3.3 Joint Filling Concrete 3. 3. 3.1 Joint Concrete (1) The construction of joint concrete is... It is carried out in accordance with 3.4. 3. 3. ""3.2 Fill Concrete (1) When using ready-mixed concrete for fill concrete used in narrow and elongated joints such as vertical joints of walls and between slabs, it shall be ordered by consulting with the producer in accordance with KS F 4009 and specifying the requirements to satisfy the required quality of concrete specified in Chapter 2. The concrete manufacturing in the case of on-site mixed concrete is"" 2. 2.6 shall apply. (2) Formwork used in the filling concrete placement area shall be structurally designed to prevent deformation during concrete placement and to prevent leakage of cement paste or mortar from the formwork joints. (3) Before placement, clean the area to be filled to remove foreign matter, and moisten the joints of formwork panels and precast concrete products by spraying with water. (4) Placement shall be performed to ensure that concrete fills every corner of the area to be filled, resulting in dense concrete. (5) If there is a risk of frost damage, appropriate thermal curing shall be performed, and the method shall be in accordance with KCS 14 20 40. (6) Formwork shall be removed after confirming that the concrete has reached the required strength. (7) Testing and inspection of the filling concrete shall be… 3. It complies with 6.6. 3. 3.4 Construction of Joint Mortar 3. 3. 4.1 Mortar Bed (1) The mix design of the mortar bed shall comply with the design specifications and manufacturer's details. When not specifically defined, it shall be determined according to the following and approved by the responsible party. ① When using pre-mixed products, the product shall be capable of achieving the required strength or greater. ② For on-site mixed mortar, the mix shall be determined to obtain the required strength and the necessary working time. (2) Before installing the mortar bed, clean the bonding surfaces and maintain an appropriate moisture condition. (3) When using pre-mixed mortar products, mixing shall be performed according to the materials and mixing methods specified in each product, and working time tests shall be conducted according to the specified method. (4) The mortar bed shall be applied sufficiently and evenly to the joints of precast concrete products. (5) Testing and inspection of the mortar bed are 3. It follows 6.6. 3. 3. 4.2 Filling Mortar (1) The mix design of the filling mortar shall be determined to achieve the required performance and construction year. (2) The application of the filling mortar shall be carried out after confirming the completion of the connection of reinforcing steel and steel. (3) Before applying the filling mortar, clean the filling area and moisten it. (4) The filling mortar shall be applied without leaving any unfilled areas. 3. 3.5 Grout Work 3. 3. 5.1 Joint and Edge Grout (1) Select grouting materials that meet the required strength and installation period, and obtain approval from the responsible person. (2) The filling of joint and edge grout shall be carried out with a plan to ensure that the selected material can be reliably filled in the installation area. (3) Before installing joint grout, clean the filling area to remove foreign matter and moisten it, and prevent lumps from forming during filling. (4) Install so that the joint filling area is evenly filled to every corner, ensuring that there are no unfilled areas. (5) Testing and inspection of joint and edge grout are 3. It complies with 6.6. 3. 3. 5.2 Grout for Reinforcement Splices (1) Grout for reinforcement splices shall use materials specified according to the reinforcement splicing method employed, and shall comply with the design specifications and the manufacturer's details for the respective splicing method. (2) Testing and inspection of grout for reinforcement splices are... 3. It is carried out by 6.6. Construction of cast-in-place concrete section 3. This applies to the construction of cast-in-place concrete sections. However, the construction of filling concrete used in narrow and long vertical joints, etc., is... ""3.3 shall apply. (2) Construction of in-place concrete shall be carried out in accordance with the construction plan. (3) Construction of other in-place concrete shall comply with KCS 14 20 10."" 3. 4.2 Fabrication and Assembly of Reinforcing Steel, Welded Steel Mesh, and Steel (1) Fabrication and assembly of reinforcing steel and welded steel mesh shall be performed precisely according to the design drawings and shall not be moved until the concrete placement is completed. (2) The method and location of reinforcing steel connections, the method and length of reinforcing steel embedment shall be in accordance with the design specifications. (3) Fabrication and assembly of steel shall be performed accurately according to the design specifications. 3. 4.3 Installation of Connecting Hardware and Connecting Reinforcement (1) Connecting hardware and connecting reinforcement installed in the joint areas with precast concrete products shall be properly placed according to the design drawings and securely attached to the formwork to prevent displacement during concrete pouring. Prior to concrete pouring, verify the installation location, quantity, and type of connecting hardware and connecting reinforcement. (2) The allowable tolerance for the installation location and height up to the top of the connecting hardware and connecting reinforcement shall be in accordance with the design specifications. (3) Connecting hardware and connecting reinforcement shall be cured to prevent the adhesion of cement paste, mortar, and concrete. 3. 4.4 Formwork Assembly (1) Formwork shall be erected, taking into consideration the manufacturing precision and assembly precision of precast concrete products. (2) Formwork and supports for precast concrete products shall be assembled securely. (3) Formwork shall be assembled to prevent gaps or misalignments from occurring between the formwork and the surface of the precast concrete products. 3. Before concrete pouring, an inspection is carried out for the assembly status of formwork, the reinforcing status, the installation status of pre-embedded components, and so on. 3. 4.6 Concrete Placement and Consolidation (1) The concrete shall conform to the specifications of KS F 4009. (2) Before placing concrete, clean the placement area to remove foreign matter, wet the formwork and concrete surfaces with water, and remove excess water using compressed air or the like. (3) Field-placed concrete used for joints shall be planned to be placed in a single operation. (4) The placement area shall be executed in a manner that ensures the concrete is thoroughly filled into every corner of the placement area, considering the placement volume, the shape of the placement location, and the reinforcement conditions. (5) Concrete shall be thoroughly consolidated using a poker vibrator or form vibrator to prevent segregation. 3. 4.7 Testing and Inspection of Cast-in-Place Concrete and Joint Concrete (1) Testing and inspection of cast-in-place concrete and joint concrete are 3. It complies with 6.7. Waterproofing of Joint 3.5 3. 5.1 General Provisions (1) This applies to waterproofing materials and waterproofing construction for non-working joints. Waterproofing of other joints and areas not subject to joints shall comply with KCS 41 40 00. (2) The type of waterproofing method and the scope of work shall be in accordance with the design specifications. (3) Waterproofing work shall be carried out in accordance with the construction plan. 3. 5.2 Types and Characteristics of Waterproofing Materials (1) The quality of waterproofing sealants shall conform to KS F 4910. (2) The quality of rubber index materials, tape-type sealants, membrane waterproofing materials, and reinforcing fabrics shall each conform to the quality standards of KCS 41 40 00. 3. 5.3 Joint Waterproofing (1) Before waterproofing, inspect the waterproofing substrate and repair any cracks, peeling, or other defects in the waterproofing area and its surroundings to ensure they do not compromise the waterproofing. (2) Remove dust and other contaminants that impair waterproofing performance from the waterproofing substrate using electric sanders, wire brushes, and thoroughly dry the substrate. (3) Use a primer suitable for the type of waterproofing material. (4) When filling with architectural sealant, install a backer rod to the specified depth and apply a primer suitable for the waterproofing material and substrate. Then, fill the joint with architectural sealant, ensuring there are no gaps, residue, or air bubbles in every corner. (5) Apply rubber sealant or tape sealant smoothly without deviating from the specified position. (6) When applying a membrane waterproofing material to the joint surface, pour and fill to eliminate any unfilled air bubbles, and attach the reinforcement fabric tightly without wrinkles or bulges. Then, press down the edges of the reinforcement fabric with the membrane waterproofing material to prevent them from peeling off. (7) Waterproofing work shall be performed by determining and implementing appropriate materials, construction methods, and management plans according to the characteristics of each area. 3. 5.4 Waterproofing of Joints Test and Inspection (1) Inspection and testing of waterproofing materials used in joints and testing and inspection during waterproofing construction are. 3. Complies with 6.8. 3.6. Quality Control and Inspection 3. 6.1 General Provisions (1) This applies to quality control and inspection in each process, including the delivery, assembly, and connection of precast concrete products on construction sites, and the treatment of reinforced concrete and precast concrete product connections on construction sites. 3. 6.2 Quality Control (1) Prior to construction, the contractor shall establish a quality control plan to ensure the quality of the structures indicated in the design documents and obtain approval from the responsible party. (2) Quality control shall be implemented by designating a quality control manager. The quality control manager shall be an individual recognized as having equivalent or higher technical expertise and experience, such as a structural architect engineer, a construction architect engineer, or a building quality testing engineer, and approved by the responsible party. (3) Inspections and tests conducted for quality control shall be subject to the attendance of the responsible party as needed. Records of inspections and tests shall be submitted to the responsible party as needed. 3. 6.3 Testing and Inspection (1) The items, methods, timing, frequency, and criteria for judging tests and inspections shall be in accordance with the provisions of this chapter. (2) The sampling locations of samples and specimens used in tests and inspections, or the areas subject to tests and inspections, shall be selected so as to represent the quality of the relevant portion and approved by the responsible person. (3) Actions to be taken when the results of tests and inspections do not conform to the regulations shall be as directed by the responsible person. 3. 6.4 Inspection of Precast Concrete Products Upon Delivery to Site (1) Inspection of precast concrete products upon delivery to site is in a table. Follows table according to 3.6-1. 3.6-1 Inspection of Precast Concrete Products Upon Delivery to the Site		Item			Test Method			Testing Time and Frequency			Judgment Criteria			Cracks			Visual Observation1) or Measurement			100%			KDS 14 20 30 4. 1.2) Cracks shall be within the allowable crack width.			Damage			Visual Inspection 1)			100%			No hazardous damage shall be present.			Deformation			Visual Inspection 1)			100%			No hazardous deformation shall be present.			Installation status of hardware and other parts			Visual Inspection 1)			100%			The type and quantity of hardware and other parts shall match the product production drawings and be installed in the correct locations.			1) The inspection method may be determined by consultation with the responsible personnel, and video data obtained using drones, etc., may be used for inspection if confirmed by the responsible personnel. 3. 6.5 Inspection of Assembly Accuracy of Precast Concrete Products (1) The inspection of assembly accuracy of precast concrete products is shown in a table. Follows table according to 3.6-2. 3.6-2 Precast Concrete Product Assembly Accuracy Testing and Inspection		Items			Testing Method			Testing Time. Frequency			Judgment Criteria			Columns 	Bearing Walls			Installation Location			Measure the deviation from the reference line marked on the slab with a tape measure			Full inspection after assembly1)			Table 3.6-3 ~ Table The inclination should be within the range of 3.6-6, measured using a plumb bob or level. Ceiling height should be measured with a level. For beams and slabs, measure the installation position as follows: for beams, measure the difference from the reference line marked on the slab; for slabs, measure the overhang to the beams and walls with a tape measure. Ceiling height is measured with a level. 1) This should be performed after temporary fixation during assembly is complete and before the next product is assembled. Table. 3.6-3 Typical Assembly Tolerances for Wall Panel Members		Symbol			Description			Tolerance			a			Planar deviation from the reference line			±13mm			b			Deviation from the specified face of the upper part of the member			 			. Exposed independent panel			±6mm			. Non-exposed independent panel			±13mm			c			Deviation from the specified face of the supporting surface of the member			-13~+6mm			d			Maximum deviation with respect to the vertical line on the face			25mm			e			Deviation with respect to the vertical line on the face per 3m in height			6mm			f			Maximum edge alignment error			6mm			g			Width of exposed joint			±6mm			h			Maximum joint taper (Joint Taper)			9mm			h10			Joint taper per 3m length			6mm			i			Maximum mating surface error			6mm			 	Table 3.6-4 General Assembly Tolerances for Floor Slab Members		Symbol			Description			Tolerance			a			Planar error from the reference line			±15mm			b			Error from the specified face at the end of the member to the top of the member (when covered with a shim)			±19mm			c			Maximum error of the mating face (regardless of shim)			25mm			d			Joint width			 			For members .12m or less			±13mm 1 Member from 2.5m to 18m ±19mm. 1 Members longer than 8.5m ±25mm e, h Facade error between upper and lower surfaces of assembled members1) (in case of covering with a shim) 19mm f Effective length1)(span direction) ±19mm g Effective width1) ±13mm 1) General assembly tolerances; minimum dimensions for structural performance shall be in accordance with the design specifications. Table 3.6-5 Beam Member General Assembly Tolerances

| Symbol | Description | Tolerance |
|---|---|---|
| a | Deviation from the reference line in plan view | ±15mm |
| b | Deviation from the specified face of the member support surface | -13~+6 mm |
| c | Deviation from the vertical line on the face |  | . 3mm per 300mm of height | . Maximum | 13mm |
| d | Maximum deviation of mating surface1) | 13 mm |
| e | Width of joint1) | ±13mm |
| f | Effective length2) (in the span direction) | ±19mm |
| g | Effective width2) | ±13mm |
| 1) | Separate consideration is required for architecturally important members and parts, and shall be in accordance with the design specifications. |  |
| 2) | General assembly tolerances, and the minimum dimensions for structural performance shall be in accordance with the design specifications. |  |
| Table |  |  | 3.6-6 General Assembly Tolerances for Column Members		Symbol			Description			Allowable Tolerance			a			In-plane error from the reference line1)			±13mm			b			Error from the specified face at the top			-13~+6mm			c			Error from the specified face of the bearing haunch			-13~+6mm			d			Maximum error with respect to the vertical line in the elevation			25mm			e			Error with respect to the vertical line in the elevation per 3m height			6mm			f			Maximum error of mating surface1)			13 mm			1) Separate consideration may be required for architecturally important members and parts, and shall be in accordance with the design specifications. 3. 6.6 Testing and Inspection of Joints of Precast Concrete Products (1) Testing and inspection of mechanical connections shall be in accordance with KCS 14 20 11 ("" 3. 1. ""3.3) shall apply. However, in the case of special forms of mechanical joints for which inspection and testing are difficult according to this regulation, the manufacturer's inspection methods and details may be followed, and in this case, the approval of the responsible person shall be obtained. (2) Testing and inspection of welded joints shall be in accordance with the table."" ""3.6-7에 따른다.(3) Gas welding joints shall be tested and inspected in accordance with KCS 14 20 11 ("" 3. 1. (4) Testing and inspection of high-strength bolt connections shall be in accordance with KCS 14 31 25, Standard Specification for Steel Structure Construction. (5) Testing and inspection of the filling concrete used during product connection shall be according to the table. According to 3.6-8 (6), the testing and inspection of collar mortar are shown in the table. The testing and inspection of filling mortar shall comply with Table. Testing and inspection of grout, including joint areas, shall be performed in accordance with Table. Testing and inspection of reinforcing bar joint grout shall be in accordance with the table. According to Table 3.6-12. 3.6-7 Welding Joint Inspection and Testing		Item			Figure			Inspection Method			Timing and Frequency			Judgment Criteria			Effective Length of Weld			Measurement			100%			Shall be greater than the value specified in the design drawings			Height and Clearance of L-shaped Butt Weld			Measurement			100%			Shall be within the range of the table below (unit: mm)       		Plate Thickness			12			9			6			Height			14-21			11-17			8-13			Clearance 3.0- 6.0 2.25- Four point five 1.5- 3.0				Full penetration welding of throat thickness and allowance 						Measurement			100% inspection			Shall be within the range of the following table (unit: mm)       		Plate thickness			12			9			6			Throat thickness			12-14			9-11			6-8			Allowance			0- 2.2 0- 1.9 0- 1.6 Weld bead width and overlap for X-type and V-type back-gouge welds. Measurement, 100% inspection, shall be within the ranges shown in the following table (unit: mm).
Reinforcement	D10 (9Ø)	D13 (13Ø)	D16	D19	D22	D25	Bead width	6-8	7-9	8-11	9-12	10-14	12-16	Overlap	0-1

1.6 Weld bead height and overlap for K-type back-gouge welds. Measurement, 100% inspection, shall be within the ranges shown in the following table (unit: mm).
Reinforcement	D10 (9Ø)	D13 (13Ø)	D16	D19	D22	D25	Bead height	4-6	5-7	6-9	7-10	8-12	10-14	Overlap	0-1

Lateral displacement, angular gradient, and overlap during closed-end welding. Measurement, 100% inspection, shall be within the ranges shown in the following table (unit: mm).
Lateral displacement	3 or 1/10db	Angular gradient	1/10	Overlap	0 or more	db: nominal bar diameter. Welding defects - Visual inspection 1) Shall have no significant defects. 1) Inspection method may be agreed upon by the responsible person, and video data obtained using a drone, etc., may be used for inspection if confirmed by the responsible person. Table 3.6-8 Testing and Inspection of Filling Concrete		Item			Test Method			Timing and Frequency			Judgment Criteria			Mix			Confirmation by Mix Design			Start of Production and During Placement			Meet Specified Values			Sampling			KS F 2401			-			-			Appearance Observation1)			Start of Production and During Placement			Shall be good in appearance. 	Quality shall be uniform and stable.			Slump			KS F 2402			1) When taking test cylinders for compressive strength test 2) When quality change is recognized during placement			Shall be within the following range			Target Slump (mm)			Allowable Range (mm)			80 or more to 180 or less			± 25			Over 180 to 210 or less			± 15	  			Air Content			KS F 2409	KS F 2421	KS F 2449			1) When taking test cylinders for compressive strength test 2) When quality change is recognized during placement			± Shall be within a tolerance of 1.5%			Unit Quantity			KCS 14 20 10 3. 5.3 According to 		1) When taking test specimens for compressive strength testing 2) When quality changes are recognized during placement 		Specified mix unit quantity ± 20kg/m³ Compressive strength KS F 2405 Field curing 		1) Time of specimen taking: Once or more at the time of placement 2) Method of specimen taking: Take 3 specimens when placing filled concrete 3) Curing age: 28 days The average compressive strength of 3 specimens shall be equal to or greater than the quality reference strength (fcq) Chloride content KS F 2515 KS F 2713 		1) In case of using aggregate likely to contain chlorides such as sea sand: Once or more at the time of placement and once every 120m3 2) In other cases: Once a day Chloride ion amount 0.3kg/m3 이하			Density			Visual Inspection1)			For each placement			It will be possible to confirm whether it is tightly filled			1) The inspection method may be determined in consultation with the responsible person, and video data obtained using a drone, etc., may be used in the inspection if the responsible person can confirm it.	Table 3.6-9 Testing and Inspection of Base Mortar

| Item | Testing Method | Timing and Frequency | Acceptance Criteria | Mortar Condition |
|---|---|---|---|---|
| Appearance Observation 1) | Visual inspection | At mixing | Ensure uniform mixing; good workability | Uniformly mixed |
| Workability | KS F 2476 | At mixing | Refer to design specifications and manufacturer's details; if not specified, 160±10mm slump is standard | As specified |
| Compressive Strength | KS F 2476 | Sampling time: Before mortar installation and when raw materials change; Number of specimens: 3; Curing period: 28 days | The average compressive strength shall be equal to or greater than the design compressive strength of PC products |  |
| Fill Density | Appearance Observation 1) | During placement | Ensure dense filling | Filled tightly |

1) Inspection methods may be determined by consultation with the responsible party, and video footage obtained using drones, etc., may be used for inspection if confirmed by the responsible party. Table 3.6-10 Testing and Inspection of Filling Mortar

| Item | Test Method | Timing and Frequency | Judgment Criteria | Mortar Condition |
|---|---|---|---|---|
| Appearance Observation 1) | Visual inspection | During mixing | Ensure uniform mixing; Good workability | Workability |
| Workability | KS F 2476 | During mixing | Refer to design specifications and manufacturer's details | - |
| Filling Density | Appearance Observation 1) | During placement | Ensure it is tightly filled | - |
| 1) The inspection method may be determined in consultation with the responsible person, and video data obtained using a drone, etc., may be used in the inspection if confirmed by the responsible person. |  |  |  |  |
| Table |  |  |  |  | 3.6-11 Testing and Inspection Items for Grout (Joints, etc.)		Item			Test Method			Timing and Frequency			Acceptance Criteria			Grout Condition			Visual Observation1)			During Mixing			Ensure uniform mixing; good workability should be achieved.			Slump			KS F 4044			Initial Batch			According to design specifications and manufacturer’s details			Compressive Strength			KS F 4044			In-place curing			Before grout installation and when materials change			The average compressive strength shall be greater than the design strength of PC product concrete.			Fill Density			Visual Observation1)			During Placement			Verify that it is tightly filled.			1) Inspection methods may be determined by consultation with the responsible person, and video data obtained using a drone, etc., may be used for inspection if confirmed by the responsible person.	Table 3.6-12 Testing and Inspection of Grout for Rebar Splices		Item			Test Method			Time and Frequency			Judgment Criteria			Type.Item.	Manufacturing Date			Check the expiration date marked on the grout material's packaging			Full inspection upon grout use			Do not exceed the expiration date			Usage quantity			Check based on the mixing record and construction management record			Full inspection during mixing			Design specifications and manufacturer's details			Mixing temperature			Thermometer			First mixing			No hindrance to placement and filling			Construction year			KS F 4044			First mixing			Shall be within the range specified in the design specifications and construction specifications, and shall not hinder placement and filling			Compressive strength			KS F 4044	In-situ curing			Before grout application and when materials change			Design specifications and manufacturer's details			Fill rate			Visual inspection1)			During placement			Confirm that it is tightly filled			1) The inspection method may be agreed upon by the responsible person, and video data obtained using a drone, etc., may be used for inspection if confirmed by the responsible person. 3. 6.7 Testing and Inspection of Cast-in-Place Concrete and Connection Concrete (1) The testing and inspection of cast-in-place concrete and connection concrete shall comply with the provisions of KCS 14 20 10. 3. 6.8 Testing and Inspection of Joint Waterproofing (1) Incoming inspection of materials used for joint waterproofing is shown in the table. According to 3.6-13(2), testing and inspection of waterproofing construction of joints shall be in accordance with the table. According to table in 3.6-14. 3.6-13 Waterproof Material Incoming Inspection		Item			Test Method			Timing and Frequency			Judgment Criteria			Quality of Sealant			Review of Test Certificates			Upon Delivery			Specified type shall be designated. KS certified products shall be used.			Quality and Appearance of Rubber Indexing Material or Tape-type Sealant			Review of Test Certificates			Upon Delivery			Shall conform to conditions specified in the design drawings.			Measurement			Upon Delivery			Shall be the specified dimensions.			Quality of Film Waterproofing Material			Review of Test Certificates			Upon Delivery			Shall conform to conditions specified in the design drawings.			Quality and Appearance of Reinforcing Fabric			Review of Test Certificates			Upon Delivery			Shall conform to conditions specified in the design drawings.			Measurement			Upon Delivery			Shall be the specified dimensions.	Table 3.6-14 Testing and Inspection of Joint Waterproofing Work

| Item | Testing Method | Timing and Frequency | Acceptance Criteria |
|---|---|---|---|
| **Material Storage Condition** | Visual Inspection1) | During Storage | The material shall be stored so as not to be deteriorated or deformed. |
| **Condition of Waterproofing Substrate** | Check the number of days elapsed after concrete pouring | Before Waterproofing | It shall have elapsed the specified drying days or more. |
|  | Visual Inspection1) | During Waterproofing | It shall be sufficiently dried. The waterproofing material shall not be wrinkled or have any level difference. There shall be no defects or cracks that cause waterproofing failure. |
| **Adhesion of Rubber Sealant or Tape-Type Sealing Material** | Visual Inspection1), Touch | During Construction, 100% inspection | It shall be in place and free from distortion. After Construction, 100% inspection | It shall not have any excess material after application. There shall be no delamination after adhesion. |
| **Application Condition of Membrane Waterproofing Material** | Visual Inspection1), Measurement | When applying primer, 100% inspection | The primer application width shall be equal to or greater than the specified width. The primer shall be applied uniformly without any undulations. |
|  |  | When applying membrane waterproofing material, 100% inspection | The waterproofing width shall be equal to or greater than the specified width. It shall be the specified thickness. |
|  | Visual Inspection | Before applying reinforcement fabric | There shall be no air bubbles or depressions that cause waterproofing failure. |
| **Adhesion of Reinforcement Fabric** | Visual Inspection1), Touch | During Construction, 100% inspection | There shall be no air bubbles, curling, or lifting at the ends that cause waterproofing failure. |
|  |  | After Construction, 100% inspection | There shall be no deep wrinkles. The ends shall not easily curl. |
| **Sealing Material Filling Condition** | Visual Inspection1), Touch | During Construction, 100% inspection | There shall be no voids, air entrainment, or residue that cause waterproofing failure. |
|  |  | After Construction, 100% inspection | There shall be no air bubbles. It shall be adhered to both products. |
| **Condition of Joint Membrane Waterproofing** | Visual Inspection1), Touch | During, After, 100% inspection | It shall be suitable for design specifications and finishing details, and there shall be no waterproofing defects. |

1) The inspection method may be agreed upon by the responsible party, and video data obtained using a drone, etc., may be used for inspection if confirmed by the responsible party."
